492
1636
158
1084
1088
425
1442
566
974
522
880
1807
940
3000
2909
1612
806
1201
3021
2540
765
2263
1158
906
1480
2524
189
631
1072
230
2541
1039
5661
7818
1129
808
980
1237
1835
2315
846
1552
1703
2569
1670
325
960
420
887
467
935
654
1450
4208
1509
460
3043
884
825
462
3101
631
1350
1198
3678
978
1510
4377
1613
2416
992
1706
1655
5108
1408
4843
460
917
3257
795
5877
1182
630
837
278
787
815
1503
351
625
454
1637
2142
410
991
3479
460
1442
1061
1537
859
1664
148
1003
615
3127
206
492
2703
369
512
2143
2118
839
392
734
1322
1058
325
1068
1177
1086
7023
1671
755
301
655
651
605
1149
614
1030
743
1964
994
1242
1244
2108
891
1303
164
5483
1102
1504
699
1873
808
696
1367
1816
441
173
1145
1683
878
1079
1119
1515
525
866
1289
800
1285
1973
1117
832
625
2133
272
1195
1114
1050
1165
1692
2794
1505
1114
541
3326
414
4117
1783
2820
3668
367
948
7323
332
3928
2107
1178
909
1394
501
708
1076
3756
434
1902
6298
2689
694
938
695
755
2276
804
1249
574
1502
243
4606
700
7401
549
678
859
1721
362
1388
386
1210
2634
690
1198
4643
807
825
944
1240
3621
750
2220
4701
2636
2630
924
1245
1017
728
1510
2068
999
1909
3239
435
1151
871
1067
1725
6126
1223
973
2411
840
794
528
974
3139
950
1261
2263
1173
618
423
1014
2120
3961
247
1133
1387
875
1009
488
632
3393
741
2549
2282
316
406
266
790
530
1068
1330
950
673
729
684
4589
676
419
1241
907
938
641
474
1038
1988
3034
265
2219
1208
2941
3843
740
1981
559
4593
1411
721
633
2893
944
1094
2657
1128
472
1555
1481
684
1099
1288
1338
646
588
920
1310
563
311
470
1827
966
2086
926
2767
913
257
3614
392
289
4449
982
193
246
1997
4074
463
866
1021
1342
544
387
478
626
2445
2303
1780
247
689
2339
2098
3686
111
1330
430
966
1282
229
541
1495
4330
605
2701
997
3232
1024
344
4745
1162
2842
377
1864
4425
1145
4841
2670
528
2519
1567
623
1105
2382
220
788
1533
2754
2742
2423
549
504
818
1113
1635
1810
1023
1158
788
515
912
537
578
331
775
1111
2169
239
585
2005
1424
4552
428
1488
1118
3572
726
993
4819
853
2536
1557
293
381
484
3962
1223
1507
1030
3453
798
975
705
1953
2576
396
4135
1611
2960
1011
1243
243
128
953
769
6690
557
1362
766
1376
754
1029
436
948
460
2194
1518
1551
452
976
213
910
1040
3762
1806
1202
1040
2368
590
2093
2225
746
366
328
1017
1067
264
1958
1209
729
2784
2046
989
768
1031
951
383
3334
1101
1076
398
960
3920
2069
1543
1574
577
1207
612
1046
732
2163
1452
3460
510
635
1156
781
3607
899
395
2622
761
632
2990
1443
3419
395
897
2079
1151
805
502
449
1709
3091
794
791
739
1164
1020
4966
589
1548
782
1559
161
1390
372
338
160
1795
1719
683
1291
2876
1883
278
2238
1938
1756
2215
1360
1679
4732
559
2288
268
873
1453
875
1054
473
1336
280
1176
498
602
348
1072
986
1670
1314
1225
537
1111
3642
3001
492
839
918
1480
4303
1111
2348
645
912
906
1160
1327
891
1039
3271
910
500
886
681
387
164
4706
1186
663
392
338
462
2377
659
448
361
1793
1120
3254
486
1071
569
3333
1407
2373
1590
679
229
390
1001
1268
1500
2688
2620
531
1126
2463
451
371
336
862
840
712
2262
1240
641
3516
403
2314
3161
1033
2526
438
1076
775
322
665
2411
636
1293
1660
834
294
964
914
819
1039
3408
878
851
3373
690
429
640
1061
2663
2149
2729
1195
1805
1664
893
1693
1029
901
1326
694
929
1072
2796
878
606
1033
1007
938
445
970
313
483
3353
301
1438
1026
576
426
4937
892
2687
753
1875
344
835
3183
807
835
863
3882
1124
888
1343
3127
1920
635
645
650
424
3460
393
230
4325
686
708
1663
7220
676
1786
1252
2116
316
794
1546
722
1666
1268
344
935
1269
501
567
4484
532
536
318
2926
4649
1405
2868
1402
417
822
1442
1879
3652
903
1810
785
317
2765
987
1879
1069
779
2222
1065
742
2444
219
1200
1466
3898
1507
413
665
375
816
527
1519
733
866
1029
2573
303
538
1656
2763
332
1756
2574
1238
1377
1064
642
668
269
1368
496
1396
1363
548
947
425
385
435
1060
1310
1192
1901
324
2115
1724
768
2074
961
966
1206
3449
1846
1694
1304
1356
1039
2469
925
1405
436
836
772
729
919
1042
721
1403
347
535
1642
550
1062
682
5083
1544
3022
1482
1173
1010
541
630
288
996
2739
2886
1549
3467
1794
340
1377
2925
1967
1515
2263
1053
1843
1026
1119
1190
5294
1641
3381
2747
2600
271
308
0
187
304
1102
1283
984
1605
2432
4699
7975
504
354
346
501
1371
2111
301
2307
4893
1025
3992
1321
1968
640
2031
537
1402
1647
477
1461
322
1599
1037
2413
993
857
3210
385
379
1401
732
1040
1587
527
1382
1053
1076
3696
779
1865
962
2837
949
1134
773
1375
2333
5153
2080
902
1270
355
2333
390
595
933
710
1098
1563
1780
1676
869
2112
1584
1797
1617
837
1003
909
732
680
658
412
346
800
850
1198
749
181
972
648
836
1058
507
862
1020
1911
1030
1384
1221
923
599
413
346
671
1092
936
683
909
1409
1619
2416
1548
1126
1414
721
476
1098
566
2734
1517
808
1254
644
1965
1818
349
834
884
1130
449
2287
538
314
919
5091
6240
1636
1566
2877
1394
1351
1606
1083
791
5099
686
1120
5263
3269
698
363
537
708
1027
1267
1923
555
580
1911
1055
788
976
822
2423
3995
1143
2013
1446
226
1281
1156
2238
828
341
348
760
901
133
1356
727
287
2257
795
1013
735
7031
1825
1368
770
527
958
1599
1824
1508
685
399
632
2090
933
484
708
1333
3942
803
328
1557
2985
810
832
1274
3749
313
4109
824
7101
769
666
1281
354
1387
3804
1433
885
1361
700
3693
1339
2800
1159
152
1765
592
1207
1241
2851
702
1286
692
321
1135
2083
549
2887
2041
2469
3279
1592
3998
1464
1425
1295
2164
971
1181
367
463
286
1227
2601
356
1286
2485
664
346
2289
712
1586
1181
1669
371
907
803
818
486
1099
1535
431
1576
1162
205
2362
1608
887
332
2225
933
1902
1115
451
1090
659
677
711
1090
288
3407
440
139
635
651
616
527
178
739
945
491
1283
2432
3086
1653
600
320
227
654
3961
1028
1119
2055
942
739
217
386
2244
948
813
336
4836
397
1450
1506
2185
2582
3280
1938
809
888
601
942
1095
825
1964
788
845
919
2055
736
633
195
1128
3244
783
1088
1840
1401
115
695
1933
451
579
267
253
2587
590
881
632
1086
1989
2782
772
234
186
101
1010
953
869
845
897
921
1014
1693
896
771
2739
1667
603
4095
2947
480
1622
1614
1309
498
1278
331
1240
255
1043
756
1100
2194
388
1316
2368
1413
2409
4713
1620
248
611
1161
2269
794
673
1134
3982
469
1684
613
682
1317
1525
2368
493
737
598
4543
637
1200
2112
1203
1146
1066
654
323
575
1343
7489
1222
1120
2136
1299
1753
793
1268
1568
691
2389
963
488
330
855
799
861
416
282
627
2030
1006
1191
4490
554
1090
846
1327
618
442
307
895
3642
3964
1498
977
363
1699
1377
799
906
1381
2012
1132
218
3759
2713
683
1591
354
1440
443
851
388
692
1061
798
656
792
398
1914
1320
2893
187
1234
714
2362
228
873
626
2002
1149
3333
8350
789
1124
799
1080
1959
1321
638
260
656
1404
4309
1021
2103
683
1065
2040
1356
728
671
1059
718
465
4715
597
238
431
1606
480
1844
941
1002
243
162
782
762
252
1212
796
636
1331
345
540
1489
654
436
1340
1655
1666
2642
4667
1705
771
905
3235
2830
1593
832
1394
651
3328
960
612
804
1634
2725
207
2032
904
716
1982
3776
4434
1678
883
1257
841
388
6041
652
2249
2530
387
5948
1298
763
821
839
1072
1095
441
231
609
1252
741
725
1211
470
2007
1339
799
5043
1119
1912
1415
1370
1063
1726
903
1151
1113
2015
1250
1389
756
1099
4138
1563
146
1844
764
3285
869
1246
2136
1509
636
1634
927
3834
764
681
1187
1023
736
866
501
2558
971
641
1140
925
590
1668
3359
4194
1826
818
274
2570
984
487
411
206
2574
1294
921
309
829
179
718
3116
3536
2881
1852
1388
601
4356
3941
819
3538
3152
787
2721
1580
487
3533
649
457
852
562
480
1244
1398
794
1245
4945
1037
2829
1736
781
8615
437
706
685
767
443
687
1122
523
1364
1123
1137
427
1873
1413
572
838
1156
708
379
3942
3749
3241
482
633
1449
1975
2817
454
1498
2237
972
720
1171
550
2644
5512
450
3791
489
313
1373
623
2800
552
1031
3302
2862
1029
635
3595
3621
482
935
260
2663
754
2058
929
439
906
3500
679
239
2261
586
819
465
486
4758
1817
2006
287
3321
383
752
571
1365
537
1533
718
811
1494
997
3097
2529
1532
341
1171
616
392
729
1028
198
1425
3621
3200
678
663
452
1741
4605
383
1361
3440
638
477
1435
1867
517
923
2030
912
453
412
812
1330
553
1100
870
360
487
452
530
512
661
1690
463
781
393
505
459
5096
1151
1133
1052
1214
858
1218
4618
170
1324
876
256
1248
1979
768
2320
1758
1502
1037
746
758
1495
1172
1389
906
1035
688
538
677
448
917
1127
962
272
111
2285
317
618
1875
1067
935
983
586
3375
2417
611
649
919
670
1074
4406
4044
1353
1471
3642
1934
545
1558
618
3836
1115
644
1359
1595
1052
2425
526
412
399
205
1500
2770
864
1819
3271
6174
4198
195
1022
1849
2300
955
289
228
1312
1340
1536
1153
1217
385
1092
370
762
4346
3143
2289
3822
1167
1648
303
1027
588
1995
2933
1298
849
2008
823
586
498
940
2006
347
694
829
4647
989
1836
3750
3295
2530
2680
550
2344
795
4833
1770
1076
1917
1213
1248
931
590
980
4430
1502
721
865
2025
1379
826
2537
2260
646
4037
3199
665
446
366
1267
499
2805
3322
5939
1289
4637
1026
599
1256
563
489
3248
775
3807
666
1635
262
1661
2918
348
1624
312
2738
488
150
888
4120
1977
416
761
854
886
1465
1186
1352
1192
2263
1167
1153
3132
4958
449
1317
1391
3330
747
1093
964
917
2408
667
1827
647
1603
1730
756
625
1572
3352
675
629
6460
2476
1043
379
1148
891
972
1374
921
702
908
2513
943
579
665
1342
266
2283
428
1106
870
932
762
1393
1158
1155
1118
1283
3748
1204
1386
338
1184
1006
1150
3820
2500
317
2326
1882
213
1560
468
3274
5973
1156
1774
482
2313
478
488
888
789
608
2949
3746
1381
2799
2307
1208
1267
1559
717
215
6213
2173
1536
1404
1011
319
1855
1650
550
627
2486
1197
720
676
1972
5689
907
1862
637
655
2664
559
295
1017
1974
2526
1021
6010
971
2233
745
384
1385
359
2895
1028
559
1033
2519
424
1406
1085
1351
424
1340
572
1531
1548
284
352
1224
378
814
3096
401
201
553
846
1098
260
230
174
4620
373
1481
761
2024
887
1164
1581
607
892
1422
4973
605
1279
2141
3124
1019
495
1609
4168
948
3458
1404
1934
1168
1584
503
1362
652
2657
625
2679
558
668
440
1127
743
2174
2894
2304
1369
622
1302
1388
458
1468
2629
924
1487
602
530
2168
200
290
1639
1638
605
1049
944
840
2102
833
1037
450
738
488
314
580
729
463
4691
432
316
294
1360
1951
422
1023
7434
472
3369
383
4894
351
2245
7718
850
1473
1105
3814
1734
253
895
750
1148
346
1638
573
609
2416
696
1834
1443
978
265
2520
545
6032
382
865
2898
978
392
2472
1652
1584
604
2189
2493
4762
3738
535
802
225
1114
4617
744
752
711
632
2633
254
1220
2028
9949
5363
1011
530
757
4888
1135
1319
765
401
3312
1027
603
343
1924
2206
2096
2659
643
986
715
1086
1645
784
2223
1185
706
758
1334
496
2229
786
999
976
565
322
939
1277
983
456
930
415
607
1157
770
1527
4218
1280
435
4436
1528
1126
1105
574
2233
1003
4453
581
1216
1114
275
1705
621
307
341
499
511
225
809
1271
403
446
1921
986
750
1088
2940
2390
1075
843
781
1739
2674
1809
2219
1364
2537
210
1141
2633
714
3584
461
545
592
906
1207
663
374
1609
492
333
578
1956
1131
1269
4330
1162
670
808
674
302
2061
815
3239
6276
551
948
1458
945
830
1600
2044
399
4676
3976
553
356
1867
4795
2061
463
638
4647
1567
2066
1280
1795
868
1231
1275
1079
560
1065
411
3831
671
1163
798
244
729
1755
968
840
384
2060
472
1290
1777
1258
828
822
598
1126
3861
1561
1343
936
782
674
629
956
1234
758
1454
1323
1163
1110
675
787
2971
1031
878
751
6761
1010
668
175
495
1225
744
1310
652
1346
450
785
7855
439
3279
630
477
882
1373
1280
802
524
1245
2069
953
1677
2093
1325
936
2462
3244
2101
974
596
1333
1851
568
306
553
1027
4692
161
501
529
1029
1111
203
757
2250
1176
1079
593
1353
209
443
371
721
4176
1236
1528
933
1952
389
895
1046
1286
4210
1160
780
682
1698
1000
1932
504
2321
911
1143
861
1132
334
239
543
2130
1307
855
1442
2291
840
1863
1666
1863
1147
1038
1569
1846
387
457
1426
475
277
5856
4620
1174
1226
3732
174
538
1538
388
473
451
539
507
2466
2301
772
1138
1369
987
310
361
1316
3281
297
2333
181
909
657
1975
1279
794
729
1218
399
3370
992
1150
2580
2456
1705
490
2905
399
253
2648
347
1092
309
3192
300
1134
322
2004
972
911
983
628
675
2366
2358
473
1436
1290
1102
1126
890
3554
1459
977
2346
1144
461
1701
435
985
1875
893
1069
4742
430
1012
2972
943
517
546
1179
1650
996
957
1162
596
205
805
1347
1555
1631
593
715
1554
559
592
2292
1115
1382
910
576
776
250
891
901
771
5007
1276
426
598
3040
310
903
335
5639
1626
1862
1286
712
1507
243
802
987
1151
761
940
786
1879
1540
1270
4076
335
3438
571
445
1986
1181
721
1262
658
2027
1204
1232
772
470
743
1189
1074
449
817
1600
780
1474
1005
789
2237
200
1757
84
195
346
4155
2110
880
2354
1329
2032
930
428
1497
940
209
3915
1131
3034
1877
2093
1004
401
2406
1374
1230
684
642
1456
950
2519
421
986
2956
274
904
731
583
667
1064
1405
874
283
2328
1729
2913
6251
1837
1600
1487
3203
588
713
1201
1338
4573
516
1145
1249
2798
1985
631
5229
812
105
706
374
556
328
994
492
1613
434
366
853
351
487
1312
1207
1560
246
1189
1632
463
352
1513
589
1044
2893
961
949
1073
907
2628
2582
296
984
1106
2044
3642
821
526
287
1070
1374
496
1049
1030
1373
1306
678
885
551
987
3010
992
1201
944
835
3731
1486
580
1186
1691
1309
1486
2634
735
1914
925
1014
864
1208
2502
3723
1057
792
1520
2466
570
2416
1517
873
2815
614
4792
662
1357
1577
1712
1760
750
1794
1096
741
369
2923
517
2214
360
1634
2315
1502
1702
4415
1247
447
5097
1073
687
1659
554
4210
728
1591
796
1780
1162
1557
1657
3195
165
1121
2867
437
545
594
1472
897
348
900
1340
4840
2240
711
1616
5811
1468
156
331
3447
331
149
925
1658
1959
943
389
755
743
1457
928
2076
830
867
695
1754
764
513
192
3173
730
2167
775
600
1682
226
643
383
1427
966
1381
1115
1604
977
1300
2993
1151
356
3085
2752
335
238
151
327
532
327
686
644
583
2470
1072
1101
444
898
1231
1162
2452
1035
5619
788
1183
1871
349
1223
844
1069
1608
307
1182
516
652
2345
473
404
420
1317
590
1434
2809
1184
7657
1096
946
2355
851
1544
949
1796
1592
1752
700
750
617
686
501
3080
2523
973
1002
1600
759
1914
4595
2080
565
1170
1097
1060
371
1795
297
168
212
2637
596
1593
950
2844
1656
11265
2259
972
2397
892
1456
2197
267
788
982
1758
773
499
1021
661
554
2829
722
1911
1130
1248
4655
338
892
894
1480
808
3745
4813
906
1794
853
544
1068
750
1419
819
478
3678
483
1232
725
1336
791
1086
95
810
2397
922
957
626
2631
1617
1290
333
1284
639
1136
1760
340
762
2769
818
356
3186
2042
355
1015
949
750
1250
933
1749
775
585
249
2090
922
1512
4501
1393
688
6796
897
1207
798
583
1373
640
311
1028
751
1154
2591
2343
444
995
1205
1258
1002
814
545
780
350
1145
463
1985
663
428
1529
2873
863
298
1277
867
4981
2295
1034
1458
1062
315
943
988
1074
1195
1015
586
167
1782
2052
6441
1396
346
3749
649
432
723
1215
274
621
972
1440
3698
631
418
3210
1202
610
605
1167
528
2431
5305
1117
417
4413
1160
1054
2155
1091
2377
2112
547
183
283
1011
838
2145
495
2285
2575
1051
2120
192
2051
5171
1288
1773
793
2821
470
1159
3312
332
5596
1507
1184
2098
975
705
719
1378
531
912
1062
3623
904
592
299
2087
791
1271
809
1595
1795
2085
1886
1931
1065
3481
1533
547
3110
1257
716
502
2204
271
1335
1966
557
698
117
404
841
1144
905
859
1316
1090
2347
1159
562
2740
425
311
2698
611
1196
1980
1247
3243
896
2851
873
268
2512
3240
523
4486
654
550
251
931
859
2877
1462
784
689
668
2488
1218
3630
577
425
360
1484
525
1745
886
432
452
2204
234
1961
169
1377
3465
1323
4203
2642
1389
1454
978
740
631
1114
2850
1063
1257
405
1808
537
2274
605
534
287
974
4235
852
354
512
878
128
1593
635
323
346
330
366
2159
724
513
3814
467
302
817
2062
1018
839
3658
1162
1692
676
2008
2406
3480
923
2376
1818
800
3836
1337
298
587
1177
277
6930
1986
1367
3408
459
1193
982
728
559
814
2277
3978
478
999
652
886
2191
1579
525
1160
633
3665
3921
341
7163
299
1064
861
1757
958
1148
845
562
1257
819
1643
6755
715
1193
604
2105
2232
678
1274
1415
3743
622
864
493
1229
1513
782
812
919
1140
1141
3299
422
841
3310
439
2048
1772
2235
2940
2438
599
977
367
3375
527
1444
377
3272
870
3302
813
252
304
418
483
592
699
2941
1236
754
1135
1752
1293
1207
1275
1158
219
703
4282
1080
2854
354
319
1167
1610
334
873
218
300
1608
202
1102
198
968
382
461
613
4837
678
784
3109
1171
5061
761
396
820
640
4442
656
608
1006
3122
3886
496
406
1411
1086
529
835
5565
1500
1280
818
2403
336
891
775
1707
601
948
2550
913
889
1021
739
1181
2765
2717
963
1737
1435
2193
695
3309
1287
522
925
631
2750
1153
756
929
926
1118
419
566
558
584
2312
469
2598
1404
247
1616
906
1762
1733
1040
2978
539
3600
1102
4302
557
1070
1251
1068
989
1137
774
1887
569
1196
2079
653
1545
1315
2433
6132
819
2406
809
1444
2552
734
744
4477
342
679
1634
323
965
3988
330
565
1014
2562
1435
2691
1873
778
463
427
1523
669
2264
355
359
942
1029
3052
2853
1186
934
937
1051
408
3767
3370
1608
2752
2512
247
347
2087
1363
1241
3432
1059
900
275
705
539
815
1125
4729
568
2800
393
2783
895
1415
5041
602
2961
857
939
549
2206
877
1752
468
392
920
1836
2458
597
338
4221
664
1570
586
5084
1391
1200
2031
778
4303
586
1649
4125
729
5171
355
1787
2655
368
739
745
2363
1273
1255
542
1200
923
968
3830
363
1232
291
956
729
183
1119
426
3889
1009
2758
789
803
627
1673
914
572
1024
439
634
306
1147
9025
1830
978
2300
198
492
874
667
1082
772
927
576
1019
734
1102
1275
1018
296
2196
1091
1694
1572
830
1423
335
713
1383
4303
184
282
640
2459
1291
428
1711
1586
914
2477
2876
568
220
1195
524
938
1074
388
705
1103
959
1088
1922
852
982
939
3029
1451
335
887
712
1858
893
3351
632
643
1373
897
445
1457
369
1617
2257
2244
2507
694
687
1141
692
635
509
1175
999
152
406
1133
2754
1131
960
1805
1011
564
755
882
3244
1966
2216
1016
740
1063
2483
275
680
450
1106
515
1482
1693
1613
4373
793
665
466
466
479
1114
638
867
2415
1491
928
1821
199
494
395
395
570
524
2999
3218
1530
1059
1064
2091
997
3064
719
820
4207
285
3168
1943
397
4147
1428
3544
1184
1000
1393
3874
987
5597
1512
483
1729
422
978
923
595
2771
319
393
1928
829
1997
1121
2515
1212
447
649
422
762
612
1005
5549
2210
182
3943
577
6445
1208
583
656
1214
1156
528
2102
1518
451
2096
829
1750
605
792
1131
2423
641
758
3768
1534
785
529
599
1843
696
1411
1521
388
207
926
433
1634
583
1014
1005
431
421
1533
814
1352
1973
657
906
1399
2865
1164
538
1468
1131
1253
629
515
3520
277
1374
373
5419
847
730
1318
440
2753
4414
1410
685
882
1073
2790
3241
2821
410
269
382
473
1535
2061
735
1272
773
1059
802
1544
183
399
3273
667
663
2367
1600
338
1513
723
740
2347
3931
97
1089
1488
4277
458
876
864
1328
1964
1704
979
787
1575
922
2003
304
1955
547
1005
1988
1422
693
701
547
4596
488
2680
628
399
869
1208
1233
731
1145
579
1602
840
508
681
1706
1639
3403
836
744
533
333
3488
660
1338
1145
1559
1765
585
631
1922
172
908
1468
1320
1114
368
2978
2451
776
1778
861
916
735
1685
2121
637
617
1554
463
733
457
1060
2075
3143
842
1377
1016
2533
1030
441
988
905
1114
608
2209
1147
1211
393
526
4722
2313
1684
1859
844
1393
730
349
4227
641
1201
3164
319
1598
1470
1832
706
641
967
477
392
1026
459
2638
425
364
376
435
309
474
3059
191
791
2255
743
1237
2207
1628
1143
629
1127
128
365
775
2078
1019
2247
555
250
927
2704
2176
2560
111
650
639
264
1287
999
478
408
1344
550
896
291
843
221
660
213
2843
958
1128
4939
2804
886
419
462
1531
777
1114
230
1344
1472
538
935
3738
4731
3192
1772
1099
2356
665
1139
766
1261
1142
931
4320
2810
1543
502
1073
1146
1490
2254
1003
1148
1623
1014
389
1046
237
2825
1029
1632
3334
565
4001
1213
910
1549
1143
3321
2000
1307
933
1219
829
901
918
387
1361
390
1338
973
3563
1812
633
4931
904
4459
662
1321
962
3829
5323
1487
2422
5295
1896
556
584
1982
273
715
696
1299
353
3536
1008
550
2142
196
669
907
1258
2111
1301
1703
1002
1356
3902
2871
1968
483
1093
944
1405
285
2058
2209
441
420
2038
2007
2132
5710
452
5161
1021
2040
1181
1133
2837
2702
749
1095
589
1583
166
1302
328
2029
2161
556
1917
3139
763
1152
583
340
1727
1063
4009
1473
701
781
1326
839
2633
2623
1404
862
593
253
1124
838
97
489
2718
1318
2937
389
1114
2909
159
921
513
3116
1014
1112
506
1932
2772
855
1644
756
1760
1147
512
1945
692
778
1667
877
1153
557
464
423
2119
618
4575
1364
444
657
933
969
909
2239
451
2362
1146
4089
1976
496
1243
437
990
1787
2934
932
363
2664
1234
1008
1534
1397
1225
1396
1103
603
2821
581
896
755
2620
692
896
506
914
632
1506
1905
2389
768
1416
2201
199
1031
422
3249
2230
1260
849
782
529
1452
3259
508
427
594
826
532
292
1035
2028
776
901
427
1136
3160
591
1308
1886
1392
2097
326
964
985
4154
1477
1933
835
2325
1428
2860
3394
422
847
2131
630
625
450
1154
872
658
3501
537
3921
2609
2888
936
1332
1182
2478
617
2127
2500
827
1193
755
864
1224
925
205
4089
1161
2756
1554
282
2027
1019
482
642
2651
664
1444
3117
540
817
1262
1782
922
721
493
4117
2040
1220
2610
1170
601
1426
1909
1361
3381
792
1068
2510
1483
1286
1511
257
1203
1700
539
1259
1405
425
231
2477
2673
789
1832
908
814
168
1094
4634
3072
998
901
3936
2250
1127
457
745
1504
2410
1044
765
144
1890
163
1857
895
379
1516
1380
1463
302
764
1275
1224
2592
1022
922
4235
3510
1004
1341
629
736
1364
1613
894
742
1262
472
2482
5182
1286
4619
664
1070
2437
1197
1918
2396
426
1167
1251
1725
2792
1624
323
605
730
423
347
2706
1090
315
706
1098
533
3166
752
586
4874
904
892
323
2995
1338
6003
2178
774
1089
517
2108
173
907
492
3074
616
1376
376
545
1622
324
861
3159
725
311
1237
1122
529
790
1369
923
948
184
1339
535
1994
471
918
741
590
591
772
317
253
724
4208
2942
534
1383
3007
2257
2125
2296
3202
1024
483
1184
879
2931
4529
218
797
2064
507
2494
1042
883
796
1189
747
3593
7163
1818
3944
527
886
168
2647
1775
1777
705
707
2810
371
5248
933
3042
912
1600
813
808
552
530
1156
1243
390
931
1415
10711
1598
1369
843
2566
1217
1239
2477
394
823
829
1160
232
1215
443
687
727
995
1959
1815
1383
491
475
1341
641
526
4973
961
910
1083
1040
328
752
1050
427
1099
1556
757
3052
2041
133
2072
1696
643
5062
1017
746
771
822
364
2276
951
446
1586
1159
2031
1564
622
806
1795
1343
856
1054
1350
773
805
3597
679
1027
5829
783
476
2734
1006
5954
621
668
670
458
1188
726
1035
744
328
1238
2782
1381
1697
805
1938
210
1219
863
351
1246
962
632
2812
3222
1420
660
3606
654
685
1060
212
544
1658
2000
1290
911
698
898
2874
518
2229
1512
1079
1187
482
784
2970
952
449
223
762
3783
2094
149
2519
2492
1115
822
1143
533
686
970
5069
1070
2985
1221
1152
741
1577
786
4435
305
1811
1396
2879
2854
1730
4903
819
385
1520
4497
233
1842
1211
535
1565
1026
1909
1097
1010
2334
3749
1211
472
629
1478
973
3814
2356
2768
1054
2273
1116
4584
1081
1040
982
928
7750
2239
1365
372
900
324
464
1068
772
2576
1218
1311
336
1568
6373
962
1475
1582
1780
2445
2320
2705
210
1223
169
2359
302
293
2062
1108
1349
930
1490
3916
411
3625
817
1309
1214
1858
151
605
1603
2238
6363
1724
1073
442
616
687
1188
735
607
1388
3470
2291
1223
979
3486
991
917
778
4533
1978
1575
2049
633
1370
1567
600
3058
2408
1550
2103
659
814
2571
2698
409
295
854
833
320
1181
1466
1064
497
2550
2025
261
1780
1938
2436
623
278
900
398
529
1162
679
723
257
355
163
723
429
494
664
3955
2307
1266
1509
747
1667
404
900
1271
1998
1649
2577
2883
155
1913
474
3506
2263
2418
1077
5063
3096
3814
5288
928
348
602
777
524
130
244
1147
989
697
1735
3741
1349
845
746
412
872
1780
820
791
1040
657
531
5355
701
3184
2319
1666
1322
1146
1221
2147
4258
647
1175
1203
884
2064
2384
1584
712
1453
458
1165
250
531
2280
1221
2385
388
660
1270
910
3867
2864
2178
281
433
528
4914
1327
2052
1022
834
184
1325
236
1375
1020
1271
2268
242
436
1356
281
5393
1483
2944
654
1679
707
1017
439
4038
762
2026
758
1217
1315
2460
681
529
3561
1012
906
671
806
1047
523
1443
2246
2854
588
1500
2308
1937
259
151
617
7296
139
1559
1019
707
4209
1917
1987
2633
1066
846
2811
1552
1056
782
1321
988
974
1707
578
1328
3563
1535
3576
622
1248
2275
1203
1382
329
1339
2252
2136
1159
635
646
839
1677
3620
2002
1174
4682
940
837
783
404
1389
2862
1473
638
1074
270
1488
806
1772
812
1233
1248
1346
1523
576
519
380
1485
3584
1770
843
4733
865
1932
4158
1683
360
504
691
490
810
1217
573
985
922
638
5934
4951
780
1220
3137
628
515
1124
363
2802
1011
712
714
396
337
1190
1418
2688
487
786
299
583
6080
930
807
2003
753
1688
1595
4264
192
1033
1424
897
1503
650
1561
303
898
891
1524
564
386
869
1580
5252
464
592
253
756
976
662
244
1078
880
783
4641
975
3205
395
3017
1201
1685
2281
1125
1719
1895
177
1302
954
303
1269
688
1441
1710
1807
595
1038
1099
941
1385
537
1609
4599
705
426
647
1094
845
464
423
661
1422
1157
3852
555
1427
2760
1097
1945
2419
1458
898
1707
587
1075
1025
332
841
205
722
2900
1360
311
1417
2363
1383
1293
473
1026
1174
627
472
3891
165
556
2876
707
614
1150
413
1526
255
7220
8861
2262
1810
1352
1532
427
1628
1157
829
391
1533
1904
1463
4103
530
364
293
1045
507
824
558
630
948
2001
936
750
2118
3121
1638
3381
2006
807
730
1492
619
1999
1083
327
770
875
1557
4781
1102
408
1146
1806
2271
1531
688
1069
875
1529
720
2624
1645
686
1026
2514
998
929
1909
1889
2501
262
5311
6416
899
907
3706
456
3255
428
5786
2642
3727
721
696
919
650
470
987
1774
440
4946
1603
435
570
2411
3309
519
744
1669
816
1255
3228
620
312
1343
4572
1017
1162
1147
3668
1839
563
633
1209
1891
1308
1014
5898
582
461
2788
926
820
1677
716
3057
420
646
3026
420
476
3154
3134
720
935
574
1207
900
858
566
2674
1403
2387
2154
1162
410
1100
2494
694
1084
307
1959
900
684
247
1117
312
1747
2871
1941
1379
1179
2819
7521
694
3285
387
327
847
194
429
2138
1579
610
652
2381
932
665
3506
917
771
2876
290
431
693
2467
994
3334
1076
1729
1231
979
1216
536
1919
685
1617
479
1025
2042
2397
2947
2210
442
2240
1937
1632
2086
303
751
707
1468
2818
617
538
899
483
529
1027
371
1737
1693
4684
3457
1921
683
1656
1459
882
369
354
4339
393
2360
402
396
1032
503
464
1803
525
679
229
883
2863
372
4352
679
404
1555
458
5082
1305
1751
583
1275
696
406
1059
1102
3251
459
1343
1039
1103
1872
928
930
1440
903
1081
654
227
2143
788
638
660
1821
1216
752
2787
1162
1905
913
1202
690
1059
451
165
699
684
3111
1512
2687
769
4625
866
1201
1011
5515
2170
331
2114
462
2441
1221
1088
1833
870
895
441
1161
745
360
2754
1098
584
323
868
941
649
1060
631
596
1125
141
1109
797
2819
1277
876
437
1420
3881
1064
270
4167
506
920
3441
1189
1648
1781
1307
6352
841
612
1128
674
1646
1214
659
1517
810
800
301
1172
1094
974
322
887
439
2253
1480
889
5366
586
1584
1381
231
406
1144
1089
774
3301
1070
2572
1666
581
711
172
3691
840
939
1093
7285
551
520
2144
494
768
191
1678
931
2269
598
3591
6098
2028
983
698
338
957
913
616
6581
1625
815
2293
724
1088
10208
965
830
4933
2847
279
866
522
2851
780
579
3125
929
1918
1657
1393
1093
1615
876
536
974
855
4116
670
555
955
1949
3149
1451
995
1929
979
833
897
2056
195
1340
926
1794
301
459
848
1145
1410
2611
1152
859
1590
297
2408
1729
664
3771
556
7135
689
550
1177
2641
865
564
1183
935
285
792
5590
1739
3389
524
1564
1112
3429
327
2204
2725
561
857
3021
1336
1558
1527
256
2453
1206
1111
930
726
1182
231
934
1002
1481
3587
349
1524
876
2449
1298
3296
721
4222
2059
837
2152
721
4711
1323
2233
556
1310
557
4749
563
826
572
2097
893
2673
1457
1129
795
796
1992
1010
345
917
1730
1911
1117
815
2234
1121
4881
2383
378
1048
184
4045
271
5442
848
1422
1413
527
722
843
815
292
1506
833
870
1085
705
2124
884
2372
1134
3806
3625
891
2115
763
1256
1034
3918
556
935
685
2147
1236
283
629
1293
773
1409
2485
5216
466
1027
1231
1888
737
576
458
2103
303
341
353
301
533
521
715
657
910
1005
1182
875
1049
1608
2261
158
402
1783
1888
2497
764
550
1298
818
433
576
548
1824
1965
1350
1192
1464
1375
418
283
1170
347
412
1933
678
1097
1741
2329
706
175
312
1698
345
794
1857
1281
404
569
3808
936
1010
1891
1218
1693
1382
1061
554
1186
3609
3654
581
1316
1194
1094
2331
1246
647
871
2522
1057
8205
984
933
5386
568
7078
1465
331
2168
217
3699
521
2232
1195
1072
827
1300
1126
425
1286
814
702
415
1388
755
1697
1106
2425
418
735
1077
382
677
2604
1388
455
649
860
511
1215
1040
1153
1522
1062
362
2974
2798
1481
3315
4215
179
2543
1118
1777
1056
557
561
2891
636
734
317
1151
647
1698
1108
469
898
4660
227
1007
2403
5655
591
522
2608
1631
977
757
1633
597
270
4525
564
767
406
4372
2127
3480
811
1499
382
276
1844
912
258
430
1510
748
728
2581
3236
1495
761
668
649
2048
1657
462
631
1041
1601
3208
1089
2014
988
1924
1025
177
1010
992
480
967
1018
1227
638
757
1010
607
2440
207
1302
967
1049
1192
462
261
1224
1150
682
324
2181
1354
1724
657
259
8625
1040
785
1477
1061
6207
331
155
1580
2355
2622
935
1239
726
419
231
231
667
1700
527
222
1007
3286
343
1251
1417
2644
824
1018
4083
809
1509
2052
1306
766
698
314
313
731
1375
1046
456
313
424
418
3057
807
987
855
1486
4328
2782
487
984
1416
435
499
829
1517
1731
1861
636
740
6366
935
668
749
600
2321
1046
1218
1350
678
2741
1172
695
970
407
323
981
978
1123
904
1170
1317
614
1642
1044
1274
518
1625
786
830
1851
4793
326
858
2846
3690
749
561
610
1017
713
540
3891
641
10036
1022
847
1376
658
475
1406
649
2755
3234
2447
1265
930
1609
2342
1256
995
5586
932
2418
915
951
1306
3971
1524
1454
414
1182
678
1307
5547
1824
826
635
1310
1443
895
2102
248
1653
778
631
1292
258
976
2601
601
1095
1104
897
1545
2333
487
393
3859
2031
1178
627
613
606
964
1593
2261
1341
843
1517
1376
1897
138
820
1122
503
554
3285
509
477
311
1455
666
461
964
542
297
2082
2706
1840
894
722
3127
1178
838
264
590
2785
304
720
366
7598
2777
1490
3917
438
686
427
2509
1365
244
518
1772
2151
1824
3362
639
381
1043
3341
807
708
1019
3273
611
2122
1318
1050
1969
579
471
207
2211
171
1520
1067
220
477
4121
317
3314
1210
725
619
492
244
135
4050
728
1043
986
2122
1601
347
1207
3459
1386
719
944
2262
1860
349
705
1381
616
752
514
486
1158
822
643
1575
812
480
840
627
1672
361
625
571
836
1408
4890
1134
599
2114
1445
1300
7184
2590
508
1127
781
1455
1171
677
2434
1732
1169
1717
759
3201
744
643
1348
2645
345
916
1511
2366
1068
1947
1153
685
1891
436
6657
3325
2043
717
890
906
618
2155
315
786
1029
3299
521
2449
1006
1332
1386
251
423
3327
584
834
746
2767
630
592
2535
2700
2853
164
1212
1207
990
1073
6007
2625
2636
335
675
427
548
3861
2272
550
2490
869
3547
1099
1636
1709
1040
507
1020
2622
1647
2353
973
1506
760
822
1751
2473
1012
1082
896
1297
2599
9924
719
1202
781
1664
2491
731
840
948
1472
493
612
1140
815
1800
1226
957
719
1483
692
2223
415
1053
510
495
1932
1362
677
1096
634
316
1174
563
2279
292
465
822
629
1334
954
1495
2103
738
1337
4968
821
3030
3268
738
2974
217
1640
1025
4627
612
767
4037
449
2005
468
3899
359
870
1317
1464
1469
494
1156
2869
1084
1930
561
1114
996
287
443
216
996
1185
3428
4623
878
3685
1606
3940
333
3848
740
2346
390
2229
2009
527
431
310
721
799
3295
874
231
1196
961
709
414
2399
1871
339
2641
1439
979
491
695
1492
576
3885
2171
1306
902
567
1839
682
899
2614
1692
2253
1203
1063
1127
922
1215
586
2318
782
328
2441
376
828
529
977
1156
1107
2796
1146
3294
588
617
674
165
604
782
3171
374
2171
432
1437
2567
3691
377
556
976
2345
541
1207
1332
992
1294
3456
653
921
8484
821
1159
896
2348
1012
2321
245
432
526
1450
433
1152
693
1107
669
694
191
4012
1108
2458
349
4139
1075
907
1375
1324
1534
1541
3596
491
2151
824
2559
3787
1061
626
1760
582
2302
539
2189
566
1004
1167
925
305
1411
860
400
1771
1072
663
2870
1287
767
1184
1036
154
307
1183
949
1601
2868
1244
620
1819
273
595
2073
2369
3131
1810
444
767
1685
2815
711
1611
932
1196
2091
1100
2488
580
1219
1292
5767
488
774
3607
794
3681
1185
1322
7991
4303
504
3391
1410
1419
664
980
2790
2713
1382
479
1546
1392
985
2781
636
1300
1606
926
1620
560
1349
1238
409
3841
780
402
1753
2259
1274
825
1142
404
518
1949
3130
535
1647
444
1602
3139
2071
892
998
677
229
781
2006
667
102
2322
873
357
263
3015
2540
874
772
611
776
4354
1564
4995
1636
470
464
2978
1101
676
1863
971
445
352
2236
1394
957
1166
616
3070
494
909
894
518
349
380
496
511
967
328
189
537
513
622
1795
493
2034
728
1503
1187
2075
3361
2262
116
3940
1236
253
575
970
2875
1097
1215
2554
2152
1337
2607
3485
2252
3291
359
943
1056
566
1501
403
918
2320
1162
1219
1388
717
714
1082
646
630
830
2609
1183
276
1918
643
2140
1534
1240
357
350
3373
880
1811
1572
2055
438
3464
1793
660
2440
1089
359
1099
1231
3811
363
1256
1086
4448
1316
2484
401
1271
2545
511
2748
374
767
239
548
1886
157
1012
985
3938
3350
374
1379
1664
424
514
235
2020
784
839
4367
1222
2710
990
2471
462
5613
1262
460
243
1536
1651
1808
1049
3669
951
357
1276
1283
1207
1005
313
1803
1160
642
929
1379
863
692
1196
685
766
382
531
2944
2311
1598
1255
2894
155
1859
1970
2006
3256
759
927
478
579
2644
676
1161
327
1347
2143
1480
150
2591
686
3871
904
798
1454
1303
671
891
1229
262
1242
2418
273
2943
2616
3568
4279
2898
1051
935
1438
1296
392
4872
2194
2021
720
4106
5151
1837
435
566
864
1662
1123
960
1142
428
2108
510
554
1135
801
931
3407
1832
732
1874
1193
667
246
2468
189
1033
323
1246
5683
950
979
2053
257
585
1201
1769
1056
1660
412
1428
3477
2058
941
2078
3706
667
548
1999
1137
1267
403
436
6049
2140
848
920
630
757
1227
1246
561
1431
1990
1703
671
582
1367
1145
943
706
729
1763
537
777
463
451
753
1014
618
839
868
550
4692
1098
1455
6306
549
1009
788
3627
161
1368
4313
1701
999
853
1474
1629
1485
2020
2063
472
1362
1139
919
7057
1997
974
1133
1617
1983
1133
468
1624
1973
1629
1020
1438
5437
780
646
4605
1406
258
1248
1842
1318
825
877
1413
382
1194
800
731
2999
1895
1312
227
1531
306
346
358
6129
1365
503
222
1740
984
304
925
1864
301
1026
588
413
1944
507
642
345
587
683
1648
538
602
885
866
2269
1863
386
919
894
530
228
342
991
562
657
1502
659
1047
447
6906
1587
1089
1499
350
576
1974
160
425
1371
1833
1748
3249
1122
823
1069
5500
986
1614
6540
1244
369
1446
1847
409
1613
621
406
751
967
1876
194
1993
179
1983
2319
848
1248
1180
1744
1502
461
546
683
1507
419
244
319
520
2136
862
4537
1239
4042
289
429
1577
1418
1180
836
948
1221
2449
5971
1638
3061
825
1054
1650
437
1033
620
2039
1286
1075
5199
391
1588
222
659
708
624
2362
2139
5863
1189
3889
345
2768
2289
635
1278
1319
1893
990
2106
685
2683
1681
819
581
486
2046
871
602
2292
1407
674
773
697
577
1291
1323
1675
722
1280
9509
582
3188
1016
3357
4724
781
2069
1535
1425
999
1160
975
948
604
1371
718
3733
950
825
749
1451
332
1199
1996
797
1362
1821
855
948
1592
2535
607
1227
787
5176
3808
274
1127
835
1644
375
1008
731
1849
820
1689
1906
885
1223
1073
803
960
2564
1250
527
939
1128
2006
776
1259
482
1941
1971
484
2594
706
2374
286
3223
315
663
566
1942
453
2060
1560
596
828
920
732
1166
1593
2419
6583
3548
1502
329
3424
1212
1133
290
539
640
5984
1849
757
372
1436
1100
590
737
1841
1277
555
2346
1239
904
1050
1756
2771
1883
689
2126
3648
2016
649
376
521
1092
2637
622
858
480
416
206
1050
711
4185
777
480
824
4739
826
1067
7787
701
172
1501
452
998
863
755
2755
1299
778
684
644
389
1404
1110
5287
1320
753
1763
747
820
777
1155
1378
553
499
563
660
783
586
3818
513
306
361
2225
1651
1004
1507
797
499
652
953
1858
2930
964
429
1413
997
854
503
1124
843
1027
4314
850
334
821
317
700
865
2853
473
1195
948
1308
547
1285
1270
375
1146
433
959
699
1100
507
1380
3943
950
457
5598
731
696
1768
1148
2146
1015
549
937
988
732
432
584
792
1117
4523
491
512
418
1783
1724
1578
1487
385
576
717
988
740
3179
1054
1416
2993
943
1189
3692
1966
1309
3460
1026
1586
4342
8208
4441
479
2450
595
998
784
2666
2809
711
915
1534
779
2867
1496
854
735
2029
1263
4202
2342
2662
976
2947
1685
781
1123
1486
2352
3256
3916
712
769
1886
1042
527
702
1149
811
3804
4823
982
439
1044
608
791
4179
886
326
1108
1103
433
1699
1854
1569
812
1340
6015
2334
462
1976
176
1887
274
471
2565
680
802
1254
1788
880
1487
881
1005
567
652
270
644
554
361
181
1490
3022
981
387
175
2406
2829
668
2157
1944
2308
286
698
201
809
868
448
6502
1716
816
935
1114
3270
1836
1178
594
315
1046
656
1151
6426
1740
863
101
307
1648
1554
1426
2669
2073
400
970
4543
1778
1069
574
1736
260
2185
2721
3135
1253
629
676
1980
791
1117
433
327
962
577
5173
600
1097
923
3483
1574
926
466
3158
497
947
1103
1104
208
810
750
804
1035
1041
289
876
1149
264
520
475
285
1448
1602
724
434
355
2774
579
997
1309
1577
213
1092
562
653
2307
1159
1083
1603
1191
932
680
430
1939
970
188
343
921
998
1208
6489
1935
4033
2053
512
1917
1210
685
790
2099
727
3688
1141
3130
1328
2096
3626
2939
2087
1795
1412
1118
451
639
619
3265
634
299
2662
1587
867
1092
5634
1840
3906
591
368
793
374
1996
2172
831
491
790
2636
475
1667
251
4370
1575
560
630
557
682
769
1093
703
1004
1358
1388
1127
616
765
500
1242
1278
2151
745
615
1466
228
1056
2438
2935
4771
1860
133
2076
1190
1033
565
991
94
2437
1208
773
675
1106
1507
2523
682
771
2649
1251
2599
700
3687
441
547
740
237
1063
872
294
622
4326
685
637
1115
1295
1445
583
1195
358
651
242
1256
1398
0
4486
992
1230
1912
398
6637
1675
1154
2932
3185
3353
337
931
1420
504
2157
3100
538
1010
645
986
3610
2558
1117
382
912
831
233
193
5829
563
1430
946
337
2722
2597
2310
1386
2596
1449
1230
491
1287
1146
1610
357
1376
3375
338
963
770
191
1135
2457
716
608
1403
2593
430
378
537
564
566
247
992
1189
555
4555
993
1247
3346
296
2792
289
3132
1073
751
1995
4878
270
1618
570
1390
1980
1871
427
1352
2163
908
617
1274
1155
607
863
2135
2041
3285
699
558
998
310
884
741
233
3189
480
1111
1281
1750
615
1868
1058
1933
3479
709
754
4894
1498
3437
723
1141
1388
334
1514
2403
598
793
927
1010
4281
337
4866
1305
2287
1582
860
1174
3629
806
1040
946
987
662
1457
826
4436
578
2702
1097
3056
2071
549
2637
1388
1084
386
2371
223
1446
742
758
624
189
5967
1077
1352
776
449
980
681
591
3215
972
2171
314
1165
1108
2013
2160
1251
1946
2780
695
3117
272
1055
463
1205
600
6159
434
1082
4756
1146
2662
3724
1683
2108
1924
326
2390
540
1016
1877
460
4279
319
914
527
907
623
2107
532
544
2478
516
4586
1286
1309
1103
386
1151
923
1143
1459
8122
2924
3167
1349
758
2092
1149
1234
1570
1224
475
2005
865
554
5835
664
862
89
723
687
1028
1853
1797
343
832
310
5162
1019
360
623
1954
1564
3410
1169
798
919
3488
606
2648
420
604
1108
1784
858
142
1247
1000
1648
1745
1486
222
3062
455
631
2395
5539
1185
1600
307
1190
1063
1202
1076
2919
388
934
1225
1858
1391
2869
1092
658
269
1464
894
766
1552
1546
1156
708
138
1797
925
652
2032
335
1155
428
641
5415
3121
1449
546
862
1163
785
629
5549
258
874
1263
530
1166
1821
321
1272
3072
696
469
1767
606
332
966
1385
573
1434
1089
390
752
1447
635
810
797
5211
596
1014
2382
331
2108
1141
936
303
251
1190
976
685
580
1267
245
343
628
610
1540
982
1757
2216
1165
709
1479
195
1007
1099
704
758
1103
1641
1023
4379
685
436
934
1412
605
4140
529
1170
952
1809
807
700
4279
214
801
938
1739
714
1697
1037
964
314
199
657
1079
279
1173
916
137
1020
455
929
1024
474
300
779
1055
1719
424
2835
433
816
228
620
596
2069
2582
1668
1698
373
760
1007
2354
1521
769
2467
228
2464
1853
3640
2444
2815
1376
1407
427
1182
950
925
1534
843
680
1811
466
1601
1685
1481
3258
472
1331
681
531
2183
1135
1457
2554
1681
583
1445
2463
1623
1934
1800
2406
494
1106
437
448
2079
1254
1016
1531
1382
339
870
612
927
5236
1083
4537
1021
559
538
691
2534
3648
1519
1590
1145
784
504
198
2936
535
3216
841
1806
418
870
288
1084
2051
520
681
741
1053
885
4801
770
4064
549
666
1824
1085
905
1855
2361
1072
450
401
823
815
366
1190
3474
216
1058
1525
528
1595
2609
790
791
2883
522
1412
1248
1946
3039
1016
3814
1522
1065
875
756
868
1352
785
291
2047
343
288
6118
1598
366
1692
722
902
484
1620
1082
690
969
408
1010
2075
720
1567
758
441
2721
939
5269
5395
4743
324
1639
345
1432
1192
1506
1032
3773
777
882
578
979
4805
361
944
5453
491
920
723
5361
1529
1448
743
477
208
1162
2338
751
1292
1517
2546
336
1190
3980
1501
152
275
2639
352
394
609
1074
795
4327
1440
604
1288
888
626
537
1336
707
861
697
954
2440
1344
996
1815
1274
389
3089
4060
2518
678
614
1842
2175
497
466
1151
215
2952
455
498
1409
201
1180
1208
3799
1615
303
236
492
2775
5859
3838
917
2358
2278
2090
1015
781
562
1264
828
1828
1072
1167
967
780
1311
1086
2525
608
793
1269
4272
568
4802
560
521
469
940
1646
2977
1455
297
1402
5920
675
603
667
656
564
1172
582
1167
1338
1065
4625
949
520
3096
1389
2028
1050
1251
4926
1782
442
1143
1305
3095
1034
543
222
1198
1341
3582
922
674
1043
1059
977
413
1904
1017
910
366
2861
2297
575
999
4058
788
2683
1417
2526
1198
858
1486
1245
1397
1172
3718
2416
1297
1453
887
2052
427
741
1988
1381
1888
810
1169
2671
736
1890
3609
862
353
824
952
813
485
571
1189
1000
1471
3327
1279
1507
533
704
1437
593
2155
868
5508
615
977
1344
378
623
4150
783
1126
656
2333
967
703
6987
1096
607
1302
5352
3556
778
419
1195
1593
2934
1076
1082
2592
1007
1126
1102
3733
2934
975
263
1127
1032
156
2418
282
1976
1200
8376
1069
262
4658
1169
1481
1042
991
1512
3238
308
1946
1221
1800
664
5410
1066
3446
969
2222
3590
1258
2126
966
592
985
765
1795
2195
1407
1546
958
1926
1614
1394
1251
1910
798
1189
1191
1814
1549
669
603
1923
352
289
911
831
1869
3437
2475
523
1145
2525
2520
734
360
3340
724
177
1885
1664
1062
387
1941
682
910
739
316
713
1967
311
954
368
1661
620
787
476
1049
372
1720
3649
1920
2141
1682
740
2459
425
6296
1766
1116
781
984
519
1817
4696
280
977
1221
1522
1086
461
780
923
1045
641
1328
313
3332
790
542
1301
3245
685
2683
1057
1764
2077
769
99
1709
3358
273
791
541
1701
728
1050
2489
1067
1086
579
911
770
539
1909
227
1856
707
1206
1124
4384
697
399
698
5819
3709
2391
1766
1441
2325
245
415
1187
1828
1956
229
4459
3554
796
6629
1135
372
1754
2186
449
576
2611
756
6623
1516
290
534
1144
547
259
967
1873
2252
1019
1909
1924
1102
411
2063
1371
2261
1686
1134
1213
3740
553
1503
2962
872
1673
1700
9143
5591
2863
916
189
720
938
1431
3888
524
772
1751
937
695
1387
915
2401
794
3187
1532
1352
680
3962
1087
1361
1641
1932
1413
1035
2599
2821
3606
249
1902
2928
1467
1290
625
1514
1720
1263
414
891
520
108
1838
821
3528
908
1942
2753
4073
305
2014
5216
3212
567
2532
3024
2153
5163
2995
491
2059
2149
676
1692
1092
1661
132
1493
131
2273
664
818
219
561
939
915
386
496
1051
769
1231
975
467
554
1831
2568
3126
543
791
219
1115
356
574
1366
734
623
956
514
420
2733
389
653
802
1577
909
886
914
1396
869
1717
196
1078
1146
1842
2082
307
2082
420
752
652
1106
5432
2924
293
3165
2358
272
572
308
557
379
491
765
437
3691
1312
491
664
770
488
4488
1895
860
3630
3539
1958
2365
701
3416
491
2338
812
4029
721
6833
450
1473
947
10492
1074
561
1274
771
421
505
1308
683
2476
2710
2392
2131
1085
1277
1401
3022
2575
1140
3189
1311
648
1554
1722
577
1128
1412
1977
1324
607
889
1097
5272
456
1021
390
967
725
678
1446
1598
1083
4052
354
2540
536
1615
239
1374
1752
815
1186
2988
3285
364
257
1143
929
967
1124
191
1013
185
619
1198
482
1900
2394
940
2985
303
932
1043
4655
434
167
2367
317
1290
3493
116
756
397
1320
1432
279
985
2898
1145
691
1119
2387
890
250
319
4103
737
467
867
536
2359
1934
6697
559
416
3096
921
575
1430
3169
2237
3614
1565
312
1622
2047
343
431
690
1340
815
837
532
1551
2444
443
1026
2456
1108
2073
1268
204
595
3725
1970
2084
638
2100
2536
450
503
1267
261
2280
586
2514
514
452
411
348
772
587
1083
1365
3404
756
690
534
683
462
2714
528
965
1437
681
318
325
495
606
3549
213
3334
612
932
971
1332
933
3027
1077
741
1432
2735
582
2189
1472
718
3991
836
4596
298
2129
1271
3741
2126
1482
356
205
485
1098
539
547
1305
1013
494
4127
645
895
1254
1355
2501
1163
1003
1034
847
866
2437
844
1055
6811
1189
566
829
316
569
2319
4915
896
2133
1550
492
3956
837
1234
481
1538
631
2004
1184
776
415
419
542
429
1028
1198
1537
409
1094
1958
678
3320
952
1228
428
1136
656
1194
393
1166
371
816
1608
1109
302
3681
1060
276
1523
421
692
689
846
1040
1248
516
984
355
1744
655
3455
279
194
1058
1058
3225
407
1278
3279
818
3873
4781
1315
1187
1128
500
791
623
1247
1139
1178
3243
1769
618
999
685
4008
1896
490
4426
1301
2062
510
696
790
492
96
3232
5218
863
829
1517
720
519
1028
2026
2188
6943
1568
1144
2384
1334
2425
1202
338
1870
283
2033
2851
453
1197
549
1082
2736
1207
1381
1607
1050
809
3494
4016
499
838
997
944
1707
1057
1111
1363
1797
2288
1254
1546
1065
1213
319
871
1995
1242
1386
1091
490
345
1921
3276
1509
1112
844
562
1110
3517
1476
3282
1508
1504
334
2683
952
1269
740
2844
351
854
916
939
1345
1292
1156
528
1648
2867
2276
558
952
1390
1772
259
637
718
1021
2317
1019
1008
1144
269
1278
684
5699
1154
2531
396
2618
2220
2843
3905
734
505
488
729
724
685
1017
1543
831
1044
821
760
1464
357
2767
1856
684
1009
885
449
720
1066
1248
540
1086
1107
1542
1182
3118
4745
1900
196
1069
186
1918
1755
1303
2968
415
2887
1459
822
739
932
972
614
2747
1234
1045
1923
5308
1130
1967
408
983
2420
773
672
529
1744
499
1008
933
857
1659
4264
366
2078
671
2560
5771
452
1152
1378
1241
673
576
3494
2419
570
1862
753
1889
843
1459
944
625
302
1630
932
3781
714
655
1031
1420
833
1644
512
823
944
856
1363
982
1064
842
640
135
198
1301
1167
1986
2159
1037
3577
3544
899
828
2776
2323
1469
3155
835
1156
1120
1317
501
3848
1692
274
1618
1239
395
1326
1310
574
4607
1718
292
3632
1178
795
4981
1115
1683
4720
977
715
331
1236
276
1491
912
2180
1532
212
988
500
1159
1014
2246
415
3320
1002
3860
620
3202
2119
1071
1892
580
1557
899
2229
157
2524
271
917
1002
885
661
4146
1810
1185
3020
3819
990
262
1144
318
586
1043
231
976
1455
3152
895
1167
431
2426
2043
947
1422
1361
2138
1362
268
337
1148
338
2206
5209
316
253
852
1958
1006
1065
143
736
779
627
964
5492
1076
290
1186
1682
510
345
889
1011
826
2897
594
3178
863
593
1919
2805
532
181
826
2096
1459
1327
498
506
654
735
2788
5157
6289
181
506
2851
461
475
321
6432
2985
845
1942
789
1505
963
663
158
261
1292
1683
1016
2203
5742
875
453
667
1325
1428
2108
2202
1633
790
1497
1024
481
533
921
1252
2355
495
2908
785
828
1205
392
976
706
1441
1174
672
1496
736
1106
3034
1357
977
1814
3806
2822
518
172
2135
2959
887
333
1702
2049
210
887
2054
1458
785
970
520
504
900
2626
355
1255
912
2933
1286
810
1188
2951
1566
1278
1615
272
533
544
1947
749
781
1274
1765
2748
989
1225
563
5301
1088
3159
4967
1126
699
3794
1086
309
1417
796
3249
683
401
858
1630
140
690
1691
1153
419
1732
400
2252
1362
478
975
685
584
1715
2950
1269
776
259
2399
2583
500
1167
1073
982
1082
2078
599
725
3869
1151
373
1872
6238
2833
158
435
1011
706
1767
1469
1201
2679
367
4287
913
727
992
770
2722
704
1518
725
777
877
1223
343
1451
5612
3533
688
528
4953
438
1844
520
420
4104
1130
3959
486
1032
468
586
1209
929
163
574
1230
580
1524
812
443
816
1579
1589
984
1658
1037
2096
689
4022
1098
1727
1667
803
1531
2870
972
7465
783
284
438
3393
895
1576
355
1292
2683
1396
891
4041
1749
471
357
1023
5572
817
1183
1799
3107
933
1696
659
1834
2020
906
5906
1367
1463
908
1265
850
3382
417
257
298
1447
533
761
395
244
957
4320
274
680
628
795
391
1225
839
2756
762
1076
350
2051
3768
3633
1389
393
2087
1091
264
1079
2638
2016
942
719
466
1186
1135
1857
878
1603
1880
304
2390
3283
2781
925
1760
996
797
827
2211
3289
505
641
598
620
978
1329
500
2971
1212
1293
3205
937
1225
925
2151
913
2103
891
1112
1465
469
1111
3076
1129
1350
482
1229
1339
1591
1403
863
773
1108
743
521
1293
3292
2004
485
1291
2443
1343
1094
2772
3080
4570
3183
2831
2820
815
919
453
1043
1733
2407
1148
831
810
800
570
1613
3415
1123
1308
2152
516
974
315
799
877
740
715
2933
849
512
880
1016
355
1647
1299
3584
1286
2091
1063
425
3104
2056
1757
1095
1222
1025
793
2353
981
2270
1199
2355
1775
447
2002
1101
771
878
1207
1221
275
592
568
3084
2716
816
426
714
319
1253
2911
1695
947
3524
1206
1140
2896
990
3720
547
676
910
1002
1017
891
1381
649
2275
1463
464
1824
697
1709
2125
2215
1854
2019
237
528
770
1805
611
3471
421
996
4717
847
5193
794
1402
391
1467
422
443
555
789
1874
1493
3766
992
3264
1368
415
648
1114
865
751
2598
1277
241
650
3075
1173
1005
516
865
568
595
2046
1648
193
2693
1828
2092
1435
1134
1251
1049
342
1333
1010
878
282
922
1015
4839
3532
423
804
687
448
3416
976
4850
1094
358
1046
703
1810
1341
2767
604
517
5204
1440
1956
516
571
2759
4186
887
309
7291
3792
753
645
368
1700
896
2910
758
1801
3384
1898
4894
234
665
1928
971
1640
757
646
458
277
2351
1052
699
558
1546
3180
1026
592
438
1998
740
294
2412
2660
199
3723
1193
490
848
3430
1146
2641
583
259
1787
528
6132
1145
1544
1422
1434
1617
1217
915
704
438
776
653
760
3824
1029
1321
1630
1014
1543
749
1369
427
491
1010
1131
1201
2941
1668
506
2773
432
375
542
4935
864
623
1748
833
420
1376
228
2685
865
504
213
2695
1335
7428
1042
344
1780
1423
3427
1294
794
1010
1470
525
1430
241
1104
2212
1447
300
2197
930
1067
3607
1165
867
692
1821
1848
694
718
1431
595
346
653
2438
2961
480
259
482
638
3906
1771
935
824
1244
1018
1191
922
1693
1333
786
3686
882
1347
1904
2178
473
1370
564
1161
1618
486
1201
794
1513
1071
807
2025
2765
889
552
3366
1837
713
3683
4653
954
634
4233
4156
1247
2262
1539
171
1114
264
2045
755
204
533
239
457
333
2773
794
556
4688
5637
1379
2035
1643
768
1005
1374
635
1114
767
1513
788
291
4934
959
707
1153
3058
589
771
1444
1800
748
5791
404
1720
578
1076
864
1168
2472
2258
932
611
841
446
2305
839
2633
1148
312
1530
3233
1602
1310
717
1082
1162
4258
2642
1200
435
1233
1268
226
600
217
1755
1343
2973
841
744
668
967
1161
2197
910
1018
2322
3661
2201
600
162
228
833
2698
1304
1371
377
703
1527
811
2602
633
336
987
925
1427
1720
814
441
907
1182
878
1880
1064
413
3324
1949
467
435
1019
9953
2822
466
2263
772
579
900
696
304
1930
2173
935
1304
704
2628
597
999
1009
1018
1100
1134
578
987
1994
222
6330
503
993
172
787
826
1028
440
734
338
741
681
939
822
5882
985
1502
521
215
284
272
1176
323
1305
1646
479
635
172
818
1607
1889
2227
425
5006
2443
984
516
734
929
1164
454
371
459
910
778
1604
2856
245
940
413
973
1516
597
1190
2312
1037
994
2550
1645
943
1811
739
2853
531
548
244
401
2102
572
807
1815
1440
498
1868
423
1381
645
948
564
1447
389
1767
1206
1980
263
2640
1472
1572
249
722
468
1219
778
2252
1698
529
2441
724
2340
570
602
533
2187
2004
2472
1492
564
2394
1088
1956
3635
1122
700
1169
2899
1960
4006
1936
1120
1300
1677
2785
1879
891
569
2598
2203
1457
2140
3062
1706
2643
693
2139
2913
1031
3014
277
386
434
1209
956
401
851
1600
1210
1078
3748
1339
2484
724
606
976
1537
507
1492
125
2876
614
2791
1116
662
488
1779
1526
2608
419
3145
483
2691
2417
307
386
825
1008
1067
1696
595
346
3756
744
2351
472
349
1845
3363
1076
2098
1209
2735
759
1185
1055
1264
867
3226
3386
1178
4506
2208
218
2077
585
1222
580
2497
876
1933
1111
1539
2799
1850
5465
207
2743
531
965
507
973
223
291
725
2304
1755
371
1317
3548
2590
367
952
956
710
1678
925
313
232
2664
1594
767
1273
2416
578
946
120
684
1010
1871
908
989
1191
3517
1599
1056
1659
1596
540
7335
1165
5087
579
1181
425
393
6019
803
656
1038
487
3406
1728
1510
1534
2440
2024
3104
180
2925
2520
3197
2206
1268
310
1474
2598
808
308
1066
6749
261
6200
1715
2288
1918
1333
669
2121
1747
1090
202
1522
164
453
2794
1583
4862
982
3053
425
1021
886
1103
279
1197
2242
1431
2422
341
703
696
827
1400
4950
881
1521
4885
781
886
3871
1348
974
420
358
1234
1199
994
2646
4484
2161
1315
735
1463
4666
441
662
1328
316
403
1652
1582
5505
1518
736
2081
966
1230
1178
340
6623
447
2357
914
1226
1235
219
1236
1446
202
681
5207
807
938
2411
1809
675
3072
934
1389
1325
195
440
308
1107
988
816
543
276
4308
708
670
772
1561
1545
988
4055
433
818
2369
708
1216
462
1697
1334
590
836
1103
412
1400
629
2246
476
1723
1059
2283
1038
994
3522
316
145
3141
1812
3327
1062
505
2223
557
1252
3108
435
851
387
4886
1302
1010
1729
412
808
693
2740
1213
972
1120
919
363
1917
465
130
3612
863
613
777
812
2008
1067
1658
663
831
498
1473
831
5477
3470
1652
696
151
1970
600
2380
905
1412
700
1232
754
780
1137
128
210
1922
1638
1149
1707
1200
1498
1461
1158
243
267
313
594
2461
1695
5686
1482
495
2267
2902
831
672
1914
288
474
566
1341
793
949
1124
581
136
517
399
327
359
592
850
1033
2805
983
1990
1034
4309
1071
790
1641
1570
973
2926
6451
204
3200
1108
5309
370
1394
2331
1211
290
2867
491
258
690
929
808
275
726
1094
691
961
615
675
762
713
1366
800
192
1133
2223
2565
2677
2191
346
1300
1707
2444
1040
333
680
725
665
983
2282
1352
2008
1478
1289
1653
1688
1202
2047
1257
1297
1007
1526
934
2247
502
1551
919
1008
1663
3646
506
509
1910
1104
292
848
1142
845
1133
1758
1998
619
2063
1492
471
2354
231
433
4339
1676
2152
213
4427
1006
683
792
657
506
1042
1627
1150
134
1639
181
795
2109
1366
894
1978
371
1506
1322
803
3805
1756
1085
1244
1466
1290
5481
1308
1508
2705
835
4524
1381
4947
1018
257
616
1118
1360
389
3139
1908
3011
786
1735
1166
1623
3761
362
795
1075
2853
869
727
928
1183
1421
1064
2817
1538
927
1440
885
956
1117
950
1816
1882
1744
309
891
1269
112
768
1261
716
2038
850
514
3810
1525
513
1089
3795
555
3863
1009
597
676
702
1039
2829
3690
1717
4273
392
1177
841
1544
3337
2238
2362
2992
124
539
626
1625
1193
4433
823
2521
1401
878
817
1348
1694
912
425
1018
231
310
1091
428
3378
228
3100
620
1165
1641
813
1492
761
1125
2198
3095
1278
369
1882
326
1112
438
922
1202
461
985
3016
579
3558
657
1295
1545
1113
1122
515
1028
601
4124
2327
2505
241
1063
1588
863
234
1790
1999
1533
2384
4564
1745
1584
907
878
1715
685
2619
4053
3322
566
3205
1268
1274
3647
565
6231
982
324
959
1304
2853
978
725
611
845
1144
290
1073
334
2575
1536
3821
1456
2097
647
1102
473
2767
3178
1135
907
1552
2202
706
504
4742
2161
135
5661
1405
930
412
1349
1247
3426
386
662
467
1332
663
1453
501
3142
434
1222
673
406
252
1319
2837
2632
211
908
3086
633
855
452
3463
935
2358
1069
987
851
1267
7024
348
587
8432
6997
996
1727
602
787
1285
3259
219
703
2971
583
615
663
3141
2810
711
1078
3101
531
4187
698
868
296
2830
817
416
1290
337
1296
613
487
1155
6033
5734
3345
2665
848
1343
982
934
1161
2987
1256
1208
1833
770
1579
928
1006
352
921
498
386
925
363
1403
361
885
3542
3775
1399
934
1175
1022
946
1864
587
1939
1801
1554
549
1049
2177
1503
184
430
658
1808
977
1593
7242
873
150
1439
1041
1148
259
1143
479
423
954
2479
1416
793
2647
433
3746
1197
933
1489
1030
800
746
256
2879
1209
5651
750
1150
3795
702
874
2536
535
2124
1290
484
1548
1065
916
726
818
1636
443
878
2045
703
1214
1422
1590
552
590
2501
672
1197
289
1167
1378
1325
2959
1543
862
427
1057
1205
486
378
275
1337
856
814
1330
7095
1617
483
2181
2694
905
3858
961
885
972
786
2089
1044
674
783
338
944
577
1102
1228
650
653
538
2328
1653
487
2722
1490
1244
656
833
1682
172
625
2022
714
1363
377
648
4025
1413
428
616
301
1034
792
778
2150
1611
920
1126
580
876
1011
893
594
594
487
476
4332
790
3646
457
1431
1896
1388
767
2751
888
822
688
2275
994
1577
3019
1234
1249
720
1631
362
2916
1840
872
1860
284
3671
2080
1082
651
3168
1629
2153
1328
1600
961
410
822
348
1430
979
1131
325
905
1095
1086
2978
722
1371
1277
1301
558
847
826
1961
571
351
1318
466
1004
815
1247
1024
1209
278
1129
2684
456
535
319
4838
1035
780
437
121
1296
1095
2266
1076
1063
529
2729
1422
4030
757
1168
1356
3364
8554
3032
1661
800
1121
308
526
1110
449
573
3724
321
2568
1905
1022
1174
631
254
665
1113
283
310
815
369
1549
1912
1317
339
332
1553
842
3417
268
1209
775
617
602
2646
941
212
897
1053
809
1163
1475
1028
274
2207
2192
3624
577
751
668
479
898
592
1248
264
429
1249
5665
1074
546
898
231
402
1751
989
819
483
1977
2797
498
820
2288
513
1070
928
3255
1350
882
2319
785
262
718
2788
1426
4472
800
665
352
592
649
1620
2796
430
487
1531
944
2146
2474
1141
580
298
1902
1061
5011
367
1314
1685
740
1431
925
1645
957
1293
457
784
294
542
320
2030
2699
3432
491
609
1250
2886
278
713
1447
385
945
959
575
1362
2165
1251
210
1542
4823
892
1234
410
792
1047
712
469
580
606
743
1007
3460
3502
1510
2232
1051
445
558
259
1071
1789
856
178
2499
707
910
941
518
431
546
839
725
2347
1210
3829
484
1066
798
4281
1347
914
685
143
2787
3318
857
291
1353
1842
2404
3159
3629
1390
616
1554
441
641
169
325
814
3903
435
733
597
326
1731
960
1250
1302
988
395
523
1628
1382
593
632
1003
364
2514
2072
377
1644
3243
665
209
1362
729
1343
910
1731
348
994
309
3905
1278
1270
1611
1357
1777
3320
873
1183
466
509
927
830
980
303
731
711
1650
663
614
269
321
237
1796
3296
528
2586
805
1180
283
351
3719
1434
613
923
1536
267
3545
1006
723
1261
725
1881
1882
1213
1492
577
1217
887
768
314
525
2955
638
1492
1127
1165
4420
1734
906
425
592
1483
2372
1803
713
1016
584
1976
1130
323
606
682
2123
2035
852
1652
723
811
2360
1559
1184
2467
962
1302
559
1186
1388
1178
506
328
664
945
2734
1678
857
2337
2783
1247
2127
427
2181
2045
3118
2161
962
4171
1091
1505
672
3645
542
3708
1524
607
1361
1437
2539
1393
948
1201
4536
4993
688
2218
740
1439
1737
1443
1007
1745
763
517
2302
553
760
815
1189
1114
420
939
1318
310
1892
2088
1128
1377
564
991
2775
2751
3337
2863
792
4963
516
625
4006
1793
984
1031
712
1349
395
1389
1075
1002
429
737
1003
2465
1811
439
558
2655
924
590
381
300
614
1139
3630
976
106
1840
1008
3365
3080
1054
3499
2061
350
479
248
1049
585
505
571
911
1505
2097
787
3486
2482
2335
3298
384
1158
641
1085
725
482
1727
701
793
933
653
810
3179
1288
782
282
229
2139
585
1597
749
1300
8933
2040
1187
824
377
1722
1465
274
1516
1018
864
734
1821
976
321
1715
398
1031
544
920
482
1171
4128
1079
1821
891
976
6146
2280
1114
592
561
542
971
587
1517
2291
2694
269
359
946
399
1697
281
3236
2029
741
933
524
822
307
2208
1224
1701
616
1277
2163
1083
2088
2967
557
1874
2216
1051
1530
4635
526
2139
9777
277
1103
1967
5862
1636
1044
1303
381
5720
666
1337
843
294
3361
351
1239
832
2664
854
509
594
293
854
771
1012
1276
1538
1467
5764
1453
1529
391
700
2630
185
1031
893
1100
1649
828
325
834
1780
940
178
1252
1785
384
886
411
552
2958
1633
725
1910
703
294
2573
6661
977
1243
1323
1297
732
395
681
3152
3231
1388
1735
1464
5388
333
546
305
2679
958
4173
2249
2939
473
683
1331
1223
1341
376
1301
601
736
1386
574
798
616
725
796
769
2226
1049
346
435
949
1476
380
1406
1482
2843
320
1501
1633
265
535
729
917
5368
1277
1507
1115
2035
1586
861
188
1346
935
4613
785
2215
1523
4300
1060
4004
758
387
1569
1410
1679
1891
848
251
827
358
532
475
728
812
646
625
1011
426
1137
5350
1931
857
2155
564
351
2882
1200
1463
1008
3338
624
4795
2168
2072
2410
613
1036
885
394
442
1857
2434
876
2093
801
1595
713
1512
1254
2868
703
2836
1794
523
1475
2599
756
1256
1533
574
718
1483
954
1510
3321
3523
305
366
1630
965
1404
1897
220
528
1657
254
863
536
1721
885
1366
2131
719
807
742
322
962
1051
424
756
500
3078
1666
1111
1091
725
437
1286
805
944
992
1703
1760
5654
892
1330
1876
2556
984
647
977
2268
806
346
411
2286
988
2285
712
1432
274
1126
1687
1328
890
1389
2217
984
1007
1478
4652
6022
407
1316
1992
160
689
943
4480
1704
592
709
506
487
630
1759
814
851
549
715
219
4133
494
190
1299
773
838
689
1403
1219
1891
703
897
6539
687
360
1079
1371
2392
610
2133
3201
466
1005
1432
700
234
976
587
752
7296
1083
484
814
1579
902
1136
860
2113
2297
1241
886
2476
1784
1414
2220
1986
1294
1050
6225
1278
507
559
3427
710
467
1285
2087
787
310
883
3036
932
2656
2535
4694
800
547
3023
580
508
1759
2973
2977
1717
1297
1680
852
1337
1247
7082
3503
317
1211
661
1579
4300
802
748
1988
314
1393
758
5668
1990
707
968
9226
2951
529
659
1087
753
1295
1514
847
686
2366
683
378
978
1100
304
1003
579
637
990
808
1503
618
543
800
401
1379
915
1901
1835
1959
1077
633
1136
1521
597
586
1224
923
879
554
177
1912
599
419
2744
820
3301
411
480
190
2455
141
896
439
722
556
1241
835
3856
6409
561
758
1974
2718
1120
452
758
1482
525
731
281
1042
2139
1594
1049
1625
1096
1932
255
1303
1007
1056
387
1151
636
365
386
1166
1276
2255
2884
326
2140
561
678
709
889
189
629
769
3308
866
1747
1748
754
526
794
1089
1800
925
1689
891
813
512
934
1272
711
3431
1835
1279
772
5182
3048
3601
373
534
1440
875
876
735
287
838
950
769
858
1754
1088
1426
6731
591
2564
2185
348
2701
1517
1203
1529
1298
719
811
1742
651
980
1022
1400
510
1543
3928
2032
10388
1782
6656
920
3667
1070
3608
552
726
426
697
3097
833
529
566
1736
1947
2627
1203
582
1569
1317
1178
1062
420
825
614
758
1444
1355
3393
1262
1589
557
864
1565
1458
603
1007
2208
1354
432
3426
1170
2928
1284
946
1705
1136
701
4624
328
1503
3584
621
1275
2228
1958
1069
1116
1912
1021
2576
788
760
709
2638
1327
769
934
809
1160
1019
639
4007
756
443
5059
1970
2289
902
1213
450
659
1026
2419
1091
1184
388
1463
220
1095
563
859
2278
1781
681
1001
5910
922
733
781
1233
1127
656
790
1189
1879
576
799
500
741
2649
1063
418
1185
1874
340
3100
1092
192
1382
1148
418
827
699
1523
943
810
648
408
2535
639
1437
365
4330
398
1349
775
2389
2140
918
1066
809
818
4329
2255
297
498
704
734
1359
363
751
972
1175
516
427
2260
1887
1080
247
680
2679
774
378
1705
1134
936
1287
366
728
891
751
602
5590
2281
843
1963
762
1378
1122
6930
728
717
3444
257
1487
550
1626
4523
572
513
1892
471
2898
383
3899
949
2455
563
958
985
741
993
227
799
2069
2327
842
147
712
8600
944
1249
585
1094
913
2294
945
1948
4082
497
641
2398
2003
293
965
750
1152
4214
339
1869
1907
1286
507
1093
1199
1434
2440
271
169
714
266
3915
536
760
3044
701
767
1867
2352
2378
2450
1566
573
643
1445
1450
3506
885
5220
4987
579
1788
928
878
1308
443
178
1258
668
350
1088
926
432
4759
2546
1061
2969
181
256
1799
2316
1190
839
1104
3249
766
1299
1021
3673
1035
611
2179
640
600
2597
1628
373
290
908
268
1035
895
1014
656
523
158
1953
914
1704
2042
452
1544
418
1316
1190
1297
1064
248
4223
852
1187
133
1252
914
1978
1108
423
386
7616
2486
1241
1294
2288
784
6043
747
1147
2403
384
673
1896
400
2164
667
2315
1490
694
742
462
1039
230
441
297
1630
895
465
710
1079
823
416
2921
958
824
702
651
6235
2263
1254
908
374
533
1250
1621
551
3299
1011
926
2010
937
547
2098
196
1110
1242
1199
692
1137
1103
484
2353
1443
387
1473
2690
788
589
580
844
576
697
724
2172
2299
528
2967
981
657
1253
889
1019
500
869
324
913
651
2228
677
747
658
4415
4248
688
2813
779
364
2082
192
2021
2725
871
1466
1766
722
847
1051
594
1254
6239
3268
929
1302
1057
1514
1063
2159
376
1378
738
477
1428
638
1940
479
326
489
1530
1192
465
1464
716
568
2171
2791
973
390
387
128
883
409
2578
932
2268
375
2751
894
1382
819
231
1464
2980
836
1229
1474
5706
1766
1294
7104
1767
675
942
3562
3493
290
816
1417
396
544
1382
1281
2297
2045
5164
935
741
1179
2130
934
826
1011
2102
815
1151
1382
909
3306
332
780
1016
1275
1800
1476
708
847
1450
1688
421
824
304
548
1029
379
763
500
2927
882
1226
1068
3419
900
1545
2644
996
873
1022
1383
959
1519
645
1030
2447
1220
1206
187
1353
1829
219
2731
665
1087
1748
1767
716
1107
2455
3838
2070
547
3519
6339
1148
1275
716
483
616
2201
1338
281
325
681
1670
2516
408
174
840
781
429
844
1498
570
1844
343
1025
1797
618
800
1449
1951
569
1181
1000
2153
968
406
394
2448
751
540
2838
3311
3869
1352
1346
1727
837
1231
810
316
4578
660
3559
1256
1445
261
835
422
344
953
450
1077
485
692
824
1626
1718
1161
2467
769
623
2262
285
1077
599
200
2129
5959
685
988
601
774
1115
440
916
355
369
1746
669
805
519
880
3047
665
1119
3328
1018
7448
775
3810
745
390
632
1097
1952
1011
3312
4276
2442
1143
1168
802
1464
1569
716
1473
806
285
1326
497
1637
1072
4090
530
442
3456
418
1262
1191
2193
1461
1978
542
684
1065
438
796
734
834
2202
678
1495
567
2195
4516
1011
3395
1074
294
727
194
1027
2491
1317
509
2417
239
2092
601
3065
1150
506
1043
3107
5488
554
1300
865
953
686
5119
933
979
757
1104
704
847
3910
420
5050
628
1616
682
1706
6186
519
301
2331
3329
1273
2060
1733
2459
1056
1550
458
4795
842
1229
1039
715
1024
2129
1416
1600
798
561
1206
1660
4750
7504
3096
360
632
1196
898
556
3136
1315
340
2641
2000
1395
2325
471
1696
644
809
5899
821
594
1798
1496
581
743
630
3038
1001
2064
1354
1000
2674
985
1193
307
897
187
367
3209
4759
588
302
1138
938
2152
353
216
2028
236
804
969
963
1295
1855
1236
592
3137
517
1071
1891
690
244
1018
423
1708
354
2357
116
981
1738
5283
1681
2736
310
162
1081
1141
2296
5602
506
770
674
772
1024
1218
884
2396
1222
543
662
318
575
869
6319
2350
758
1306
445
520
3520
622
937
561
1082
1025
1495
1066
632
803
1071
563
782
2339
995
502
966
1978
7227
1099
328
695
885
1989
1750
1122
1217
1115
2218
975
1151
1676
1036
781
496
219
1087
1004
1924
1654
844
1452
555
1015
1385
2559
584
1805
2084
770
1309
937
1474
3385
1106
7339
1563
637
6496
367
603
953
3224
588
674
598
859
527
339
1025
1230
4069
627
1034
706
1096
2181
627
975
3515
3456
1833
1310
1356
770
1158
797
1947
842
1454
709
927
618
705
460
697
535
1113
444
1851
791
674
1748
3524
2714
1959
2082
685
3115
3425
1657
986
1377
1009
2126
336
741
1264
1031
1130
786
1416
3947
2025
594
1191
730
1016
5256
826
1278
877
1030
375
896
354
323
1989
1070
5198
1460
602
972
564
1805
1953
448
416
1326
775
1948
2309
959
8141
836
207
1233
2451
830
494
1060
920
884
380
279
799
792
1405
735
899
678
879
1229
1186
94
2775
1621
862
266
1265
752
1800
952
2165
1696
2202
532
1830
1189
776
569
2097
945
1898
1666
703
1144
1061
1414
181
256
934
639
1022
2126
815
1101
1443
781
386
3419
1140
1843
1531
701
985
2901
4031
470
1205
542
928
576
318
812
898
528
3244
188
667
511
556
3173
3361
3222
532
821
1080
2228
1154
725
627
2202
870
500
1765
383
763
799
1277
2715
853
1215
2454
930
552
712
487
1752
404
1849
4017
354
619
710
701
987
683
1522
1820
2004
1847
877
971
963
626
873
1186
339
1352
2606
936
321
682
1051
1337
1921
1683
739
987
7131
8085
3772
1017
830
1212
886
3542
1021
1082
3389
1001
673
331
2364
865
1210
2390
283
732
750
772
1508
2303
845
1571
1293
716
896
949
668
4997
1082
2828
700
753
303
1981
2561
3369
681
4137
2137
930
861
1167
954
1001
477
1127
986
700
1149
1034
854
180
986
899
601
385
586
1688
3037
507
114
2985
372
312
2503
1183
481
2479
2105
420
386
295
1589
722
484
919
1007
1030
3524
1293
462
3891
1643
341
916
1026
444
1336
1158
199
1189
862
1304
586
316
1126
1307
3159
316
844
1122
475
1250
390
1052
1899
640
401
531
394
1155
1404
233
989
828
2463
1022
1066
1158
3420
2020
885
2180
1104
564
3131
535
3785
1243
348
897
372
557
904
2965
366
387
754
2424
760
1022
726
793
433
1096
4330
4388
969
172
4037
426
1125
1944
3203
781
785
279
1428
847
397
1991
441
1362
2521
423
1180
519
796
2604
736
653
1775
920
2288
1123
1348
1305
339
774
639
1588
2274
607
445
1371
475
1530
579
347
727
1374
1151
535
668
443
7492
1197
3090
1664
2755
5539
1829
531
668
1596
1095
1400
562
1143
745
498
373
790
713
1505
699
576
663
1026
1233
3355
378
320
414
4844
556
411
4490
810
498
1205
705
1299
1645
550
353
5754
1612
1042
846
1261
1087
965
755
3688
1960
729
752
4183
580
928
613
1396
1529
1703
1082
651
3355
695
519
6729
882
681
455
6078
433
686
1901
1202
625
338
818
188
6058
1553
1593
538
3635
854
907
957
1089
1337
926
1346
1296
1509
2604
549
2215
514
2271
1138
1198
3085
997
1670
733
1171
1028
465
6892
513
861
832
306
403
318
1069
967
222
830
1229
387
783
3241
839
904
1846
769
1091
548
708
937
1296
831
2421
1048
2073
1159
1000
462
546
1647
1292
1403
3133
959
1060
3963
1027
2259
973
1806
645
808
2311
883
3921
5569
713
1767
1114
1929
763
1173
2486
672
1282
1022
773
1323
627
496
3772
282
1104
722
528
407
4744
584
1834
2119
1243
698
1552
2256
1132
4633
426
1934
828
1859
3613
3156
304
2613
922
2855
4319
414
998
696
1310
345
2120
285
317
510
1106
1188
642
1889
386
373
5954
727
1017
1289
465
822
3774
949
600
395
658
1386
2235
341
1157
877
639
1782
576
3177
554
2192
2063
1241
349
1217
333
4538
365
628
453
3700
1923
3960
1372
1696
840
1191
402
711
662
4358
3314
769
630
1084
1403
1801
792
892
1260
2609
208
268
803
1013
974
1137
2940
832
2833
298
1485
290
1467
11544
1561
2136
490
506
546
1394
871
1058
833
1851
729
530
1876
582
1149
979
2163
236
1039
4081
311
730
123
3757
845
699
5651
229
189
1364
1392
424
3290
4616
2341
688
4137
809
2178
534
184
592
879
1047
2519
4462
967
643
520
815
2863
1179
1512
504
2653
1470
919
1256
791
1613
7457
3799
739
991
615
1109
985
721
2321
316
310
705
1254
3411
2479
664
1256
356
1789
1758
1136
1979
2386
1661
7489
514
771
3478
1307
1464
1044
2508
753
2477
2803
866
301
1376
1406
303
440
694
944
1277
3139
1803
851
2095
174
3066
948
981
331
5019
321
999
4286
1313
993
3308
2617
1666
944
874
183
547
788
473
1161
1044
381
2859
432
1279
127
2555
3426
930
1085
2585
700
377
682
1078
523
1039
4270
570
561
1379
475
654
1247
1615
543
750
776
513
2397
2342
1017
1045
1127
1036
1384
577
857
1521
327
4289
621
782
1879
985
1378
2170
1377
1440
1209
3839
709
960
2241
1085
1259
289
2742
5915
2081
2317
428
4989
1477
743
1303
1047
5302
707
1449
735
1830
453
2288
1049
2158
1740
2520
3251
815
594
1142
1212
682
941
1148
1099
1231
1117
1251
497
451
705
2601
1136
672
701
634
1994
2210
2386
964
1087
444
517
1277
1756
7375
1021
437
345
5208
1939
2421
5280
1232
966
348
875
2225
821
1468
3179
528
1039
828
620
813
1997
1056
1266
462
546
462
547
4926
915
933
2832
933
3303
1069
3470
671
235
391
326
941
435
1227
996
5208
1313
981
2676
703
3441
316
1012
1136
1535
5646
3280
646
1905
1346
1623
1311
242
3503
815
333
1827
589
434
313
741
701
1611
3659
1013
480
740
861
695
671
536
223
2883
397
643
1776
1288
458
1359
4080
636
4843
150
521
618
381
2213
1276
1482
2269
826
497
349
959
876
729
1074
739
880
759
3198
7339
4634
859
466
1144
949
520
2771
456
996
613
802
426
453
883
4557
877
3400
2146
1111
848
757
3118
945
471
762
959
374
2926
2026
4635
2888
710
1758
910
298
346
3793
6894
1228
1324
625
1035
516
676
481
526
2025
1039
468
412
2187
1250
3209
1373
627
852
207
650
448
3667
857
6941
428
582
334
5249
381
339
2240
511
913
292
952
1912
2784
2351
994
392
900
1387
4083
4242
620
5533
3027
445
1366
225
750
214
575
158
1459
1106
808
2045
1065
209
2794
1282
871
904
605
1387
1793
439
2192
493
5231
1665
614
1172
353
232
428
624
1003
1082
1230
2609
475
163
642
1099
1603
541
1968
910
2196
987
771
1159
589
3550
339
896
1612
770
678
2108
1414
901
1716
1429
1078
4844
419
702
938
1202
740
1157
1546
1506
223
1369
1430
1040
2866
922
1963
6891
1786
13546
1193
1065
7751
642
1702
3698
712
7207
1600
1383
1037
1276
197
1111
444
495
5555
444
747
1405
3063
1381
993
164
541
314
4346
1239
395
620
2603
1029
253
601
4273
1872
1639
2210
570
274
943
915
2850
929
728
496
1655
2252
866
695
882
663
2435
941
1235
669
1297
134
5180
1052
440
481
1391
523
881
613
731
2035
967
3016
410
412
1136
764
281
745
1572
889
2554
790
338
777
1083
1429
811
1348
1968
1342
535
371
1750
2621
5572
509
1042
1236
509
619
5280
966
690
1012
897
1705
1425
1022
214
968
683
1765
462
1284
1355
572
1933
637
1075
3742
901
853
6440
1271
1159
226
1128
2547
665
835
393
991
647
1812
1001
945
1488
255
1371
6407
2254
1230
336
7898
1831
2031
644
567
351
950
1706
1008
643
1194
661
342
3862
6073
884
750
940
370
1118
1136
1814
2996
647
1838
1346
215
499
731
578
588
859
198
529
531
868
1473
448
974
835
2412
1037
917
2160
360
988
3976
2062
485
866
486
613
1669
404
638
531
1246
938
1398
3274
798
1158
156
641
3155
1382
2013
942
1573
2064
1115
384
2307
2828
3858
4179
2457
620
563
1048
1227
2505
666
1370
460
1337
1195
769
1232
606
737
1575
736
2160
1669
1123
1076
806
719
803
973
1157
512
463
535
148
678
692
351
1893
407
3179
684
562
5048
1266
756
549
795
1549
1857
2004
3386
1256
2251
1073
1970
554
688
5065
590
656
951
1899
605
631
2250
571
520
865
786
1698
411
567
2734
2247
570
1000
325
1463
2578
1991
3134
407
363
1138
1048
676
555
1006
1031
2434
1224
794
326
4492
4900
3360
1004
1571
229
784
1412
2201
778
1082
554
460
361
1071
851
3696
1033
739
2201
2001
1476
865
1030
545
649
3429
604
1753
634
3551
2408
2288
3499
2225
1074
448
620
493
985
850
833
4312
378
150
1182
4325
1738
716
5149
650
599
522
1296
1189
883
2073
1532
409
711
955
1322
2698
591
1304
676
1644
1069
1780
800
4847
557
1008
834
653
915
842
931
227
1080
339
431
855
1462
1074
322
1287
684
1774
572
2167
1331
1016
1482
990
919
2684
628
1666
1005
1417
1363
1409
1298
1900
211
580
267
467
2767
2082
840
1660
1473
502
282
921
2042
1526
1245
627
531
522
406
1845
1387
1161
1042
501
3169
1633
734
1612
391
1279
603
903
5646
1365
2131
330
1904
1286
791
1303
5151
2382
2501
898
1470
1080
1238
2203
1329
453
785
704
587
5109
579
3757
611
1056
421
137
2066
1172
417
610
411
730
1271
1204
773
5726
2937
4226
941
2623
4054
427
1592
1323
1181
285
1107
2799
246
802
858
1883
5494
599
1495
1278
862
1561
3547
868
569
1862
883
2314
649
1057
387
1088
1123
1980
1329
267
1793
2110
1731
956
4223
866
1281
1931
362
1512
307
1371
633
170
398
565
117
1645
6390
554
1800
1394
3231
1735
2551
312
528
4679
1353
1001
2777
970
636
325
373
789
1319
1318
1048
1267
3211
852
109
1756
1177
680
672
1091
365
793
3089
463
1022
1936
1381
1710
1094
3781
575
1032
513
612
926
2148
767
480
2281
832
342
1299
793
1460
1199
1006
929
424
562
4185
2815
1141
351
1223
3921
892
3518
643
1464
2371
513
725
659
640
299
1562
916
319
1871
341
285
786
697
269
814
703
1146
812
1837
2302
1085
3162
422
1111
711
1793
1483
2086
791
1200
931
2589
3187
1399
1089
251
871
2615
424
577
3405
992
2606
324
4261
2896
722
532
718
2177
1476
692
1495
490
735
1752
3140
3432
782
1493
5584
215
1398
587
1009
356
353
1323
825
1569
498
1968
649
214
842
1673
1415
694
1279
943
2457
976
1299
322
480
294
3506
511
624
1198
685
818
6003
919
898
2235
2027
488
919
1210
1862
868
1248
436
3247
2518
697
975
1382
1017
289
724
330
608
723
2481
2332
913
1190
473
1686
1317
433
657
368
1597
2648
702
347
1251
1020
479
1900
3890
867
1244
5390
503
593
4116
1568
568
4853
368
991
750
1936
871
520
1539
841
3023
603
5796
664
2694
1049
468
408
1799
669
496
581
461
444
855
2678
3375
764
1743
1466
1302
1915
1358
931
4629
3317
186
260
518
507
2165
795
324
1578
770
2976
227
752
3252
697
3741
4733
649
351
2665
533
374
804
1663
600
1084
737
812
873
2920
1241
356
481
762
1562
2629
688
1524
3408
1794
351
2555
737
998
989
181
2965
477
4804
268
998
3074
623
286
1707
925
328
1116
464
1512
1228
1331
425
3840
520
335
226
398
474
565
6050
1753
595
1346
2595
2414
350
708
253
425
528
935
1387
795
1766
726
1322
921
1615
1455
1755
654
616
774
2341
1181
1514
547
972
2797
1595
1012
4421
1421
485
1153
6977
2204
421
1489
3615
313
547
838
6375
3204
1663
1433
680
3891
937
2820
851
564
1098
265
1341
525
1099
678
2677
1193
578
1958
417
693
332
1003
523
967
1778
454
1357
448
4562
1139
1353
1139
1357
2245
1483
1324
1269
284
5459
2112
407
4954
533
1168
568
1087
742
959
1276
994
819
2666
938
884
3719
1945
4727
460
6103
558
421
428
2360
829
823
588
3596
1579
3972
3204
1662
1624
1227
2544
235
183
263
631
288
1443
2036
373
466
3494
1039
1101
822
694
482
713
747
2843
1459
1033
903
727
763
914
856
2054
1115
3182
1133
1017
1250
918
844
401
2352
341
1176
853
1056
712
1297
686
3160
362
1539
2337
1025
353
696
1496
1202
5743
310
434
2864
1902
3971
1276
1158
622
825
2847
5933
1776
2156
441
891
1923
1602
959
5000
4689
787
937
843
587
806
503
1013
430
624
951
1243
5525
1146
194
982
2042
686
953
1129
921
1730
4001
1144
849
2602
968
4066
719
976
643
2564
961
588
570
1080
999
938
421
844
1086
943
6180
834
583
244
545
7242
2673
1183
979
528
1097
1099
1352
457
723
1151
1351
5535
617
4347
2542
1033
684
941
524
672
478
214
2964
258
1974
1103
3352
728
149
329
815
2166
501
1729
1749
1176
1276
543
2769
2001
254
397
1145
715
725
813
567
3302
1533
1190
239
1701
2078
1612
775
1071
329
1655
1540
991
3365
3290
2470
760
864
1502
691
1095
795
205
625
3412
1624
999
731
468
1527
1317
1006
420
955
926
544
596
228
1105
1074
1570
1809
1577
992
959
891
1097
993
1713
470
493
1483
385
672
1808
1372
953
801
711
7370
1059
297
731
499
938
1197
1379
495
944
933
965
1484
259
2258
955
1104
1223
1724
1090
1127
2654
1644
369
748
1235
664
470
7545
958
1676
342
841
2178
783
495
289
2881
3486
514
599
422
848
1071
1597
667
1142
380
1235
3694
1055
2662
1574
1669
780
2147
345
323
2247
402
1051
1073
2413
840
1535
1466
757
818
1447
1399
952
528
2319
825
3749
6420
757
1202
924
1546
557
4658
1157
2430
1628
2142
682
705
3271
977
942
883
812
1272
573
1314
2324
1621
3558
3389
2769
2564
361
586
1005
1096
1151
1252
599
192
1325
3222
511
1853
1439
497
1086
1271
1483
817
1302
1542
1176
814
1886
2166
300
1047
832
368
247
1377
398
544
575
646
1058
330
4287
983
550
850
2393
623
629
427
583
930
1846
388
1013
1010
475
1036
662
1414
472
413
1920
707
1373
441
309
1223
1966
311
2217
1511
2478
2437
839
826
843
525
408
816
695
933
2003
122
741
2130
482
1429
576
846
479
202
1062
1213
1151
3284
429
2674
2094
3370
810
1029
957
2245
661
1244
2683
1720
3476
723
1521
1708
2840
1141
1135
814
176
513
1439
545
1257
1147
458
1418
1452
265
185
733
2027
3989
189
1402
7246
513
2018
3774
416
2928
475
975
5289
919
1161
224
1002
837
349
1451
226
2104
1828
1072
1172
1323
784
2001
427
394
2522
517
1179
448
206
9696
1009
1695
293
465
1314
291
578
776
807
527
918
482
344
1914
2614
743
2521
464
384
992
835
652
906
902
537
2919
1024
3316
816
1175
1681
683
1126
666
1439
1021
3924
898
1502
1384
771
2181
698
524
2209
1708
629
1105
617
520
1322
1007
383
1231
2401
1024
688
1767
1477
579
1317
1041
4787
412
502
1228
346
534
867
865
869
1123
1618
250
224
394
381
791
573
1175
724
1854
840
2023
374
1272
151
2556
1522
2057
1769
253
761
2044
579
894
652
536
1661
1605
839
819
1119
7668
1248
1668
1755
942
920
406
3488
581
2481
489
622
1750
1236
801
633
4256
2026
340
494
226
3267
1140
1814
750
3110
761
1153
312
889
922
932
3332
1705
2198
3779
719
1357
521
1504
561
1065
756
3559
1110
809
1318
3910
574
1568
602
879
463
421
1548
598
1732
992
556
3124
3294
795
300
284
260
539
923
1593
2438
398
576
1848
1078
1538
348
1578
2328
1045
2657
685
2100
1527
631
1390
563
716
3027
1830
2330
539
3692
5330
2654
1945
2138
1540
1845
842
449
890
1023
888
422
404
2670
2477
1538
151
737
1571
2140
551
8475
976
2032
301
1649
660
733
2187
1186
1775
905
739
986
270
844
835
979
1284
5619
943
2798
1390
1962
1683
504
970
587
680
436
1430
3011
2831
885
1395
156
2600
798
803
4721
1558
843
2627
1137
478
439
711
1183
1167
245
559
1076
2572
2210
276
439
714
1117
414
375
1393
493
639
315
898
450
364
769
318
363
1504
708
311
3677
284
1037
574
681
301
1564
1596
193
565
1521
593
1057
1355
1967
581
1637
1117
5869
2795
2472
406
1561
3194
3963
871
330
155
726
207
547
732
1232
1117
160
701
531
2489
1660
2090
378
1775
8017
225
534
2650
3167
2903
2559
450
1126
1082
732
850
411
639
1124
533
1036
1904
819
399
972
531
1054
2044
765
983
3890
2021
879
997
869
1093
458
1552
360
630
1011
855
1010
3616
1001
566
3891
477
1165
1473
519
471
169
1396
347
898
9302
781
2225
536
345
398
2888
1019
1926
1257
1229
763
1511
1173
871
782
1851
572
1953
951
700
2375
1574
2361
1340
736
427
1388
1268
664
531
331
970
355
1246
2848
690
409
1022
1210
872
697
834
903
943
4329
381
604
1340
6534
5459
6713
430
752
587
2527
2077
2105
1060
2024
1261
2597
879
916
2735
4932
825
893
896
325
940
3147
630
1584
2979
2552
1223
2499
535
523
1386
1372
1014
1494
2081
580
694
349
480
3442
5544
755
291
9034
1181
1060
3473
3545
3510
4623
1152
602
372
2413
5342
653
1917
388
1047
533
1746
1369
531
1252
1859
821
898
2874
503
1126
1176
602
488
178
1220
1220
710
657
378
2110
1902
579
982
4711
604
950
1584
566
3080
1124
530
4985
4118
1530
544
1110
389
1376
2242
1727
1100
1222
1201
174
1675
1363
568
776
1700
6260
856
390
1193
8490
3264
3164
223
3365
734
664
441
3824
577
1434
3422
2219
931
693
9968
997
2214
774
412
1471
1018
1514
839
743
478
285
455
3823
407
522
467
1078
175
1033
673
2659
1431
833
4615
1836
1627
1862
3585
591
910
798
2405
3393
1893
1566
530
1413
1925
262
543
1113
2683
1960
705
4106
1934
836
726
1148
643
954
1880
486
276
1034
1349
722
4373
314
328
380
1207
1012
504
897
6516
1034
1142
2329
1076
2818
861
4691
824
289
551
431
253
1483
1636
3672
1056
1916
840
381
742
1137
604
819
1662
1520
1373
464
931
746
1120
2821
551
1026
708
399
569
1394
217
1405
1093
2589
687
108
753
1186
672
1690
1306
3935
534
154
558
2430
6808
710
743
2829
3575
642
929
1400
1093
410
919
4918
4415
1410
1379
735
965
7096
1937
1029
779
986
1967
493
957
438
1093
662
4632
1154
1773
782
1144
1774
1038
571
231
4319
568
1300
3038
1268
1075
491
1966
846
1640
900
4611
249
915
664
456
2260
426
4343
1992
699
395
203
769
752
941
937
1810
968
391
932
1237
1550
444
813
693
581
577
338
519
535
302
295
2509
1376
1395
676
6845
1115
1323
1761
1435
4415
888
739
656
1748
4466
1344
1038
880
2059
2729
436
1025
3646
313
1228
1187
1259
1928
878
798
3785
296
2101
386
1163
476
813
1750
884
537
1289
1848
572
221
1237
818
2436
1538
331
878
1040
5072
2493
2811
273
2361
1141
977
960
2203
873
314
432
1934
916
562
629
1961
1395
2269
2452
2054
3706
668
857
300
1245
568
1140
546
2926
762
905
816
521
541
1215
1865
2365
587
1574
829
1108
4005
627
3520
1254
1204
1363
1160
399
1080
1424
1439
1194
365
857
1381
969
2887
436
689
3865
806
230
660
2461
406
369
2231
2097
1080
2360
589
512
2712
1574
640
319
769
795
1025
494
2846
5196
1377
246
3246
1626
1609
4868
824
390
783
1242
3005
591
1833
594
1307
617
393
4052
1043
527
823
2744
471
337
2020
580
356
806
1010
983
1600
640
842
1586
1228
1094
2390
1513
2196
7998
1133
5037
2716
772
285
773
1090
2930
1046
1245
455
1513
3763
911
343
933
300
2095
280
1225
3344
375
1311
3226
1991
6261
786
712
1589
938
3252
3259
328
665
2317
335
6857
681
1369
910
2292
2749
486
3220
1209
509
536
1003
984
1502
535
1217
3200
1408
821
234
1804
790
1392
517
1264
853
8410
1767
736
279
700
627
320
1041
436
165
791
235
1163
1146
3637
1773
2839
922
1147
1722
1844
1154
414
2060
815
1688
1454
1218
1361
1524
3845
616
904
688
1370
1402
329
2899
6367
513
2611
843
1148
1385
438
560
2741
2930
833
594
1540
730
637
976
642
1287
629
1519
710
672
2350
618
881
867
2312
2246
991
1089
930
377
305
1523
909
1618
2029
585
1298
1447
3597
899
1682
1276
1660
4925
1167
1547
906
1259
4172
1327
692
840
1343
562
1099
1020
1001
793
947
489
232
924
3025
1206
713
687
356
435
1354
1656
667
2372
906
557
2307
988
367
933
917
738
1751
1204
1285
580
494
1119
671
3408
6576
937
756
741
623
790
1046
1629
411
1055
1156
180
1879
822
5863
467
1039
2335
641
542
1048
893
1450
798
434
1994
1696
671
2409
366
3522
2582
4177
1523
1740
343
3170
1435
488
353
1312
4455
657
2206
938
350
1918
2323
351
5469
710
203
716
1263
795
357
991
903
1033
830
590
465
1089
4695
326
2656
2373
1621
1331
1071
1806
1000
440
1010
2324
1168
1494
604
795
225
381
509
4860
1708
2525
368
2711
1642
566
3314
2019
253
144
579
1334
648
382
2116
1236
605
986
1052
873
2117
819
378
505
1258
2838
1418
892
2541
1313
1497
608
1218
633
207
835
1211
540
763
5458
1128
649
487
1378
3057
618
947
1354
2734
814
360
1020
1169
1171
1076
449
1339
1215
3301
760
1450
908
395
2637
1792
1056
3681
899
3717
1534
2883
2300
2742
1563
742
1379
2686
1414
6061
507
7135
1349
2498
1280
1137
2708
3128
562
846
2922
257
1675
517
425
3122
1486
788
1110
1186
1760
1143
3320
839
1500
590
863
1132
639
673
610
1534
181
479
1552
1557
2075
1752
485
2574
571
451
3980
2987
8085
2627
1834
1983
297
1965
2227
1027
1255
1184
998
864
4226
3893
1109
184
359
5080
2363
260
1111
1572
1983
1137
437
1391
229
1040
1145
1631
929
888
563
532
1676
2795
2474
379
770
4366
2476
2004
485
1737
2154
252
2660
630
637
2394
1335
526
307
1361
2022
713
1492
1138
3163
287
2018
899
583
1380
566
124
608
1026
1180
3280
1659
219
338
775
3055
2517
1385
1974
444
947
589
578
3816
983
1065
1297
412
496
336
333
3657
1304
1986
531
602
1318
1111
599
217
981
1761
1135
2883
1773
868
970
1915
1370
1822
840
954
1294
403
2291
5389
2404
753
300
1271
248
1986
1922
527
344
994
1095
2031
907
539
388
844
1556
198
1230
959
920
921
506
1150
180
1451
5665
1085
1105
5036
1970
924
594
1696
552
1026
974
1051
4471
2287
238
1232
2891
390
318
404
564
1121
2311
1699
2346
925
1084
1288
429
1933
827
921
459
2309
1367
1395
366
1007
717
972
1753
1440
1016
265
8608
562
303
1078
628
1185
6244
511
2607
495
350
399
1330
2337
1968
945
2672
1947
1031
2850
2279
1321
1125
223
945
466
1291
231
7594
715
1953
403
1449
316
749
565
3019
302
1512
705
718
430
2760
956
371
670
1853
955
883
1323
1490
1212
794
606
887
1793
1157
1939
468
2474
1178
450
837
559
583
2486
1418
930
2564
219
1247
813
3162
652
1859
1295
331
966
365
1219
836
427
259
550
219
505
1580
1083
3024
1065
599
1042
2138
7706
309
1565
971
521
290
4753
3739
859
4025
1119
690
916
623
1204
900
1258
756
537
2459
3379
447
470
2808
562
901
616
2950
1476
3007
1399
1484
2434
1300
757
583
2832
2190
897
1164
2166
822
3678
823
1050
2086
4723
1052
1318
340
235
786
947
467
3434
953
449
181
628
633
350
1306
454
738
915
565
286
666
637
2050
1161
6884
3474
1432
2965
1671
339
606
973
606
1122
527
513
1090
362
1146
367
1975
157
741
524
2166
423
1885
1426
1111
1112
1103
3512
704
1165
305
166
1031
766
855
1512
747
1594
427
5009
1476
1713
331
665
5815
1010
1144
1035
2872
659
408
4586
684
1537
478
991
1675
1250
487
531
323
173
940
817
621
821
614
1032
1739
3401
169
1025
1141
712
1311
1027
638
1495
1539
656
3530
658
417
1872
685
2447
428
389
1217
698
5731
772
1009
3621
5228
2050
1657
2217
640
2795
922
1238
704
149
452
421
243
1510
2056
443
864
1154
1101
1164
972
1640
1091
2351
822
297
608
2062
1687
336
580
869
1263
1458
744
1185
5436
2433
1222
1114
1827
1396
659
2119
276
2632
1098
1706
4155
476
708
732
140
718
818
332
1873
486
2038
1581
262
434
4170
472
1066
664
1499
3089
803
526
1159
779
2485
817
911
130
504
908
889
914
1191
1709
666
1768
793
1888
1623
1825
772
1362
2699
864
1727
196
1332
2145
329
207
1650
1251
409
7495
423
581
509
1001
869
1042
1274
1423
803
4416
1556
989
867
2835
1787
2903
304
4798
1499
402
937
611
2001
1110
993
187
1067
6164
3317
4661
392
478
965
1104
1697
785
501
2635
966
1022
648
2020
1772
320
820
938
1116
1183
1667
683
429
603
1544
1311
266
3805
1042
1050
2825
824
2010
2731
1457
323
749
2362
1302
498
1715
645
945
922
608
1555
642
2638
1085
452
482
2524
883
983
521
579
2189
1211
2540
2319
2487
6147
812
1333
1329
1669
1605
799
732
3692
931
5202
711
1437
1574
948
546
434
669
897
513
831
1508
441
571
2318
1648
5601
861
2263
665
345
573
2434
3511
644
649
2370
2655
371
960
3412
1531
1191
862
395
716
1031
4330
236
1464
1329
896
1173
314
1099
2687
876
2532
595
500
1554
458
1964
892
150
1100
2078
2441
626
1324
1895
2395
614
424
995
596
812
879
1269
386
469
568
875
6152
1058
831
2897
1407
1888
3363
297
1704
566
631
1115
483
701
772
264
5740
710
950
1005
1404
1015
1267
2519
414
373
3058
467
1039
1618
476
1701
1823
325
1688
1326
4939
563
824
791
2269
942
1607
1483
566
1001
736
572
2159
5023
2776
1685
1218
681
4677
996
5323
1279
1660
1575
459
682
1012
1160
2823
3812
1054
743
924
2736
2596
550
3052
4001
623
1029
578
1308
2756
716
2675
429
914
5097
1012
276
243
224
607
358
3437
600
714
285
1027
3179
2510
1020
268
839
926
1609
764
508
855
1484
566
805
1478
176
2431
236
3050
1371
896
5038
686
1150
2084
735
1644
299
231
870
785
956
1487
629
1087
543
565
569
707
1021
7137
1234
482
897
1285
2237
871
2096
315
4379
1186
2080
3528
346
865
1428
1855
774
1002
758
3136
703
967
511
2385
1393
135
1987
3436
684
3456
1059
1465
158
795
1314
1616
1284
841
1140
841
2207
304
2361
476
683
495
480
820
556
700
1195
225
921
5883
265
1120
1313
632
802
519
2250
820
588
495
2011
642
1272
803
2231
433
570
1037
564
1064
894
753
3437
561
2004
1674
680
2781
599
1976
5335
334
4165
776
654
466
626
1727
1782
602
1121
2758
1109
98
937
543
1086
1703
5030
3012
8159
348
1405
320
1396
669
2452
829
842
6203
2091
596
627
326
2730
1176
691
233
590
1728
1141
425
845
778
711
2315
648
737
1131
770
930
828
2231
1789
1624
946
554
1001
553
903
1189
590
2059
1533
661
2663
763
366
967
4428
566
1227
1764
832
3201
1097
962
508
1164
1158
3120
1046
839
1634
1824
998
2310
615
779
1212
1895
1893
2856
1688
1936
734
452
4494
217
1601
4542
796
316
1205
780
594
425
1673
1024
422
1416
6197
943
1316
584
2634
811
1962
464
590
1235
681
939
412
2168
226
516
6398
4938
861
965
3587
1632
1254
1098
1062
1412
143
1098
1348
1474
1472
1076
515
2020
1172
1099
561
640
509
3265
716
640
181
1353
2537
1799
506
757
791
544
948
4290
2119
496
237
405
1253
3203
509
491
742
3134
610
929
2255
994
618
2726
2008
4260
329
483
3615
953
664
1722
1021
3544
1059
656
1151
626
314
798
5164
1724
1028
1135
266
4238
3266
979
479
4313
1381
1954
2811
2556
783
2025
1774
1524
2689
620
372
1090
1330
3666
402
2856
972
3406
1171
2573
569
327
1377
339
3267
178
217
4654
1013
537
2462
3119
604
607
661
596
853
738
3974
630
314
824
977
1144
3246
187
316
3627
1330
1251
931
1090
9077
3791
1527
524
939
3001
769
1471
1009
787
752
1261
1103
1458
568
589
814
244
1513
1419
274
1124
1136
425
1270
795
552
3497
1562
618
438
3737
1990
1939
638
1156
1312
1697
940
4043
130
2609
2088
634
484
843
666
765
1252
1385
1016
1633
5737
261
962
480
2005
599
1445
3147
2430
2344
1267
1002
4026
2898
1078
1155
671
856
493
2170
957
361
1483
3144
929
1154
399
811
373
322
3912
358
1717
2386
649
803
9196
569
1754
828
241
522
1279
1554
2070
630
1847
474
4905
886
697
932
619
157
1715
1052
970
878
1745
723
971
1369
1268
1375
1776
3066
1206
1084
2310
349
184
997
2208
559
554
1979
605
4323
467
1119
1061
282
1002
1675
488
273
2820
366
484
1037
397
3576
3100
173
791
473
1530
786
752
5470
2705
2071
831
868
2324
2574
1423
3932
1806
1464
727
1028
888
1334
1014
329
1491
1192
580
2276
1887
1294
663
1248
2369
655
2536
802
390
391
676
396
976
2245
5381
431
148
3225
1096
559
3186
969
680
1647
680
2151
1466
441
327
873
2491
518
2661
599
4117
1559
831
2223
1847
555
2902
628
1076
1177
10226
827
1493
3179
1718
1543
1047
625
737
4141
652
2749
848
823
1421
1176
2262
1041
1341
1340
1279
7209
3923
592
1749
1284
359
1500
267
1992
725
354
367
437
1026
2393
713
1335
706
329
1378
3551
2486
2606
745
818
2072
1423
1852
1350
880
171
1197
674
529
359
544
565
630
581
2925
1223
910
603
1063
1674
698
621
2812
775
1216
1676
1086
1631
1486
2169
1651
2408
3784
434
3969
564
1588
1256
5273
630
1334
3101
1614
1527
835
1488
1371
1181
688
751
894
674
593
468
484
839
3055
376
4784
1026
279
2097
1005
451
1174
1176
414
1921
289
2188
674
709
538
258
2117
5270
1345
1333
427
1872
709
2366
442
1078
2242
1147
429
1849
1501
1439
1317
900
475
6779
2481
915
3366
1326
452
839
966
3333
342
987
422
1342
482
434
1097
726
720
310
4139
1124
600
2571
665
1148
371
262
1328
2359
4197
1990
3659
3896
288
792
2884
1347
2204
419
2951
595
1111
248
4927
1795
1533
299
690
625
922
1982
1597
1663
587
690
265
628
1359
943
754
1240
1090
930
567
617
2610
1504
859
1401
857
770
1206
715
519
1425
2875
5015
606
2726
1311
602
3472
877
1783
1431
1463
2696
467
1149
558
2553
1638
1114
1044
1659
388
1723
714
1257
472
668
1053
709
4000
744
900
2163
808
580
495
1468
5532
2702
1296
733
1339
678
342
2989
336
677
1663
1537
1055
1139
1655
1466
327
3173
510
722
2177
1078
684
484
721
356
2716
2610
1502
756
1775
330
1278
881
2711
1549
1729
1416
782
882
1140
1642
365
1674
880
872
397
785
1483
380
546
923
235
696
848
675
969
1326
386
1838
400
1297
969
4143
1560
2372
832
1984
1469
820
751
582
2826
398
731
736
2256
579
1108
2499
408
1476
545
286
625
1365
700
401
832
1139
768
467
3486
1486
480
272
2152
853
647
1873
1076
866
498
1172
476
2348
1051
743
2126
717
686
431
977
181
338
671
3010
853
1309
1280
7131
849
1971
170
1320
477
666
2214
2752
564
960
514
574
831
1114
2724
731
3607
936
1441
682
1865
1052
590
1045
1119
477
3859
2540
853
439
1730
559
782
127
1520
402
913
733
1099
1550
2106
2107
2370
1256
1561
484
1170
5138
1831
157
720
1572
876
1489
1005
1833
2136
769
185
263
342
2039
1474
1291
684
2489
197
1629
569
2400
824
1473
345
3223
1032
3594
1347
2832
6058
2816
723
594
571
484
692
740
694
2190
1952
5382
1623
1946
333
1164
579
387
3586
921
1194
567
891
2271
413
906
1194
1188
1771
452
600
667
1834
2810
438
1752
625
1303
731
1263
3438
865
1576
1925
858
3413
2758
2039
1065
900
1250
348
1371
626
1265
1031
478
1048
497
2285
3166
1046
387
890
2613
819
1009
2302
799
1459
3674
364
1609
953
423
332
1638
460
841
304
347
1633
596
1867
444
3297
420
1246
816
1123
1678
537
1136
381
784
1345
810
794
620
4066
2147
341
2024
922
655
543
931
1184
1385
1510
867
218
2283
782
1116
1522
4436
4344
1028
1573
746
3209
462
847
1225
1943
870
367
1545
2676
817
339
873
1255
726
589
1812
360
1039
3503
7261
1874
396
738
422
1424
1073
9056
3589
1889
4587
343
1060
2814
3328
2615
1620
3285
718
997
2764
253
2920
221
2125
2151
1046
1710
1208
656
163
4834
6591
798
1007
871
1611
356
756
478
1639
460
5071
2305
1712
2837
243
659
2335
691
1672
608
1245
3066
1578
206
1601
1016
287
2453
955
700
713
582
2241
249
738
486
984
1289
3310
3423
1009
747
748
3521
563
1208
1402
1681
3510
1045
697
123
1815
1019
1472
246
842
1820
598
1073
1110
1913
812
2290
1198
416
3041
1014
1031
1090
2720
490
112
1519
312
167
1266
718
2942
1147
747
1785
627
2393
6277
2483
640
1170
1217
622
476
1491
4111
828
912
2951
1207
1107
769
734
1823
708
4955
737
1155
347
1162
654
313
1580
2738
1446
797
709
467
1142
3668
2214
1919
977
2321
226
2259
662
1155
744
1840
1268
738
1021
525
2265
1402
521
403
3861
627
3549
3807
700
851
1623
552
1454
268
688
895
840
608
1220
1723
1147
663
653
3923
334
531
1009
1233
957
1082
6188
4326
437
1130
626
872
944
440
679
1769
585
604
979
333
961
1720
663
2034
1093
848
779
1240
827
6508
1328
1856
960
4234
449
452
3546
2130
1362
1523
3432
2261
6677
1216
4907
1645
528
3302
989
839
3516
1500
2041
730
1494
7468
2420
1000
1076
1559
1619
1393
566
548
311
1515
976
2283
660
1157
584
669
4286
3591
1655
328
2629
336
1168
1270
2256
1261
1307
433
2723
2015
